,cell_color,cell_radius,cell_center,cell_age,cell_health,cell_metabolic_cost,cell_direction_pause,cell_direction_angle,cell_cycle,cell_direction_remember,cell_vision_scale,cell_vision_nconsidered,cell_mutational_rate,cell_mutation_information
0,#1F0BA4,6.25,"(347.54843216500234, 203.21969528802273)",26.001604853084928,0.9173600871737937,0.024744084284716875,0.08863321394437018,3.1694164069984723,0.8455129978993656,0.6554273249793456,2.311899577409811,1.1399935238898555,8.947262724549288e-07,"[['cell_mutational_rate', 0.3968764554052633, 1, (1e-10, 1, False)], ['cell_direction_pause', 0.3701155327404269, 1, (0, 1, False)], ['cell_direction_angle', 0.5956474781880162, 1, None], ['cell_cycle', 0.27469978060010575, 1, (0.5000000001, 5, False)], ['cell_direction_remember', 0.5292090053865316, 1, (0, 1, False)], ['cell_vision_scale', 0.5581866732269702, 1, (1.01, 20, False)], ['cell_vision_nconsidered', 0.3463385314323137, 1, (1, 100, False)]]"
1,#1F0BA4,6.25,"(356.83353931964473, 224.5680613282636)",24.038820201105874,0.4295700471455268,0.020744357916209346,0.08863321394437018,3.1694164069984723,0.8455129978993656,0.6554273249793456,2.311899577409811,1.1399935238898555,1.376386506490168e-06,"[['cell_mutational_rate', 0.3968764554052633, 1, (1e-10, 1, False)], ['cell_direction_pause', 0.3701155327404269, 1, (0, 1, False)], ['cell_direction_angle', 0.5956474781880162, 1, None], ['cell_cycle', 0.27469978060010575, 1, (0.5000000001, 5, False)], ['cell_direction_remember', 0.5292090053865316, 1, (0, 1, False)], ['cell_vision_scale', 0.5581866732269702, 1, (1.01, 20, False)], ['cell_vision_nconsidered', 0.3463385314323137, 1, (1, 100, False)]]"
2,#1F0BA4,6.25,"(296.8007373689588, 139.06205017283293)",28.109502617639087,0.6161299892940598,0.02919994289496148,0.08863321394437018,3.1694164069984723,0.8455129978993656,0.6554273249793456,2.311899577409811,1.1399935238898555,9.180206501784771e-05,"[['cell_mutational_rate', 0.3968764554052633, 1, (1e-10, 1, False)], ['cell_direction_pause', 0.3701155327404269, 1, (0, 1, False)], ['cell_direction_angle', 0.5956474781880162, 1, None], ['cell_cycle', 0.27469978060010575, 1, (0.5000000001, 5, False)], ['cell_direction_remember', 0.5292090053865316, 1, (0, 1, False)], ['cell_vision_scale', 0.5581866732269702, 1, (1.01, 20, False)], ['cell_vision_nconsidered', 0.3463385314323137, 1, (1, 100, False)]]"
3,#1B1C38,6.25,"(142.31753554006158, 290.8055237101129)",29.139489309586196,-2.3846027331041406,0.08143479992219743,0.0,3.0846045945626765,1.410094965893224,0.35569874973774174,3.946099599528444,1.2707636064139756,1.0,"[['cell_mutational_rate', 1, 1, (1e-10, 1, False)], ['cell_direction_pause', 1, 1, (0, 1, False)], ['cell_direction_angle', 1, 1, None], ['cell_cycle', 1, 1, (0.5000000001, 5, False)], ['cell_direction_remember', 1, 1, (0, 1, False)], ['cell_vision_scale', 1, 1, (1.01, 20, False)], ['cell_vision_nconsidered', 1, 1, (1, 100, False)]]"
4,#1F0BA4,6.25,"(406.40064043174016, 203.9201823020726)",29.00344702629876,0.7166564730765417,0.031137163628675354,0.08863321394437018,3.1694164069984723,0.8455129978993656,0.6554273249793456,2.311899577409811,1.1399935238898555,8.329247196352376e-08,"[['cell_mutational_rate', 0.3968764554052633, 1, (1e-10, 1, False)], ['cell_direction_pause', 0.3701155327404269, 1, (0, 1, False)], ['cell_direction_angle', 0.5956474781880162, 1, None], ['cell_cycle', 0.27469978060010575, 1, (0.5000000001, 5, False)], ['cell_direction_remember', 0.5292090053865316, 1, (0, 1, False)], ['cell_vision_scale', 0.5581866732269702, 1, (1.01, 20, False)], ['cell_vision_nconsidered', 0.3463385314323137, 1, (1, 100, False)]]"
5,#1F0BA4,6.25,"(218.13668459379383, 141.48279588669533)",29.017796299464468,0.6764917662653672,0.031168526872710413,0.08863321394437018,3.1694164069984723,0.8455129978993656,0.6554273249793456,2.311899577409811,1.1399935238898555,1.9009031159255677e-07,"[['cell_mutational_rate', 0.3968764554052633, 1, (1e-10, 1, False)], ['cell_direction_pause', 0.3701155327404269, 1, (0, 1, False)], ['cell_direction_angle', 0.5956474781880162, 1, None], ['cell_cycle', 0.27469978060010575, 1, (0.5000000001, 5, False)], ['cell_direction_remember', 0.5292090053865316, 1, (0, 1, False)], ['cell_vision_scale', 0.5581866732269702, 1, (1.01, 20, False)], ['cell_vision_nconsidered', 0.3463385314323137, 1, (1, 100, False)]]"
6,#16074A,6.25,"(294.5725634353071, 372.35723617256286)",29.03353663524697,-0.9514974633438776,0.0791099398333604,0.0,3.5244736179564944,0.9453499499235214,0.0,2.3918666614921165,2.7222406879688537,0.8744203370404604,"[['cell_mutational_rate', 1, 1, (1e-10, 1, False)], ['cell_direction_pause', 1, 1, (0, 1, False)], ['cell_direction_angle', 1, 1, None], ['cell_cycle', 1, 1, (0.5000000001, 5, False)], ['cell_direction_remember', 1, 1, (0, 1, False)], ['cell_vision_scale', 1, 1, (1.01, 20, False)], ['cell_vision_nconsidered', 1, 1, (1, 100, False)]]"
7,#1F0BA4,6.25,"(362.03359263303037, 280.8769003218162)",29.0,-2.5019001491272688,0.06446299374725714,0.08863321394437018,3.1694164069984723,0.8455129978993656,0.6554273249793456,2.311899577409811,1.1399935238898555,1.847057649640061e-06,"[['cell_mutational_rate', 0.3968764554052633, 1, (1e-10, 1, False)], ['cell_direction_pause', 0.3701155327404269, 1, (0, 1, False)], ['cell_direction_angle', 0.5956474781880162, 1, None], ['cell_cycle', 0.27469978060010575, 1, (0.5000000001, 5, False)], ['cell_direction_remember', 0.5292090053865316, 1, (0, 1, False)], ['cell_vision_scale', 0.5581866732269702, 1, (1.01, 20, False)], ['cell_vision_nconsidered', 0.3463385314323137, 1, (1, 100, False)]]"
8,#6B5B77,6.25,"(338.50796034075273, 204.1048242200013)",28.02140741135953,0.4717784996814636,0.029008961692770164,0.0004885934422240723,2.587654374751426,0.6014583468288714,0.9286413540628824,1.7951601945676652,2.2504743639265605,2.3712735883304423e-07,"[['cell_mutational_rate', 1, 1, (1e-10, 1, False)], ['cell_direction_pause', 1, 1, (0, 1, False)], ['cell_direction_angle', 0.9812889850086363, 1, None], ['cell_cycle', 1, 1, (0.5000000001, 5, False)], ['cell_direction_remember', 0.8009777830471396, 1, (0, 1, False)], ['cell_vision_scale', 1, 1, (1.01, 20, False)], ['cell_vision_nconsidered', 0.7251176718168842, 1, (1, 100, False)]]"
9,#1F0BA4,6.25,"(186.98724838726545, 158.47235420857592)",25.13833059087577,0.8733062626800234,0.022967353094515596,0.08863321394437018,3.1694164069984723,0.8455129978993656,0.6554273249793456,2.311899577409811,1.1399935238898555,1.740839039172096e-06,"[['cell_mutational_rate', 0.3968764554052633, 1, (1e-10, 1, False)], ['cell_direction_pause', 0.3701155327404269, 1, (0, 1, False)], ['cell_direction_angle', 0.5956474781880162, 1, None], ['cell_cycle', 0.27469978060010575, 1, (0.5000000001, 5, False)], ['cell_direction_remember', 0.5292090053865316, 1, (0, 1, False)], ['cell_vision_scale', 0.5581866732269702, 1, (1.01, 20, False)], ['cell_vision_nconsidered', 0.3463385314323137, 1, (1, 100, False)]]"
10,#1F0BA4,6.25,"(192.65112429477247, 158.59115635728617)",27.042892945886262,0.5232094348195699,0.026923929319124375,0.08863321394437018,3.1694164069984723,0.8455129978993656,0.6554273249793456,2.311899577409811,1.1399935238898555,6.084409724319206e-07,"[['cell_mutational_rate', 0.3968764554052633, 1, (1e-10, 1, False)], ['cell_direction_pause', 0.3701155327404269, 1, (0, 1, False)], ['cell_direction_angle', 0.5956474781880162, 1, None], ['cell_cycle', 0.27469978060010575, 1, (0.5000000001, 5, False)], ['cell_direction_remember', 0.5292090053865316, 1, (0, 1, False)], ['cell_vision_scale', 0.5581866732269702, 1, (1.01, 20, False)], ['cell_vision_nconsidered', 0.3463385314323137, 1, (1, 100, False)]]"
11,#16074A,6.25,"(251.45816260522338, 361.4625477895085)",19.09746958206489,2.1991540816545316,0.037324625386376035,0.014324298373584732,4.375754049333102,0.6619036789463684,1.0,3.0831439837225094,1.8940295907226046,1.5610758350027985,"[['cell_mutational_rate', 1, 1, (1e-10, 1, False)], ['cell_direction_pause', 1, 1, (0, 1, False)], ['cell_direction_angle', 1, 1, None], ['cell_cycle', 1, 1, (0.5000000001, 5, False)], ['cell_direction_remember', 1, 1, (0, 1, False)], ['cell_vision_scale', 1, 1, (1.01, 20, False)], ['cell_vision_nconsidered', 1, 1, (1, 100, False)]]"
12,#1F0BA4,6.25,"(365.14253016757374, 203.19953271979833)",25.0500701958398,0.6675855784897202,0.022787244877307156,0.08863321394437018,3.1694164069984723,0.8455129978993656,0.6554273249793456,2.311899577409811,1.1399935238898555,1.1053418852995666e-06,"[['cell_mutational_rate', 0.3968764554052633, 1, (1e-10, 1, False)], ['cell_direction_pause', 0.3701155327404269, 1, (0, 1, False)], ['cell_direction_angle', 0.5956474781880162, 1, None], ['cell_cycle', 0.27469978060010575, 1, (0.5000000001, 5, False)], ['cell_direction_remember', 0.5292090053865316, 1, (0, 1, False)], ['cell_vision_scale', 0.5581866732269702, 1, (1.01, 20, False)], ['cell_vision_nconsidered', 0.3463385314323137, 1, (1, 100, False)]]"
13,#16074A,6.25,"(218.30132616168368, 357.0582234572682)",26.0503913556594,0.8943551402565961,0.04631621338141005,0.35821862604071875,4.375754049333102,0.6619036789463684,0.3051301230674559,3.0831439837225094,1.3521860523844813,1.288254612748405,"[['cell_mutational_rate', 1, 1, (1e-10, 1, False)], ['cell_direction_pause', 1, 1, (0, 1, False)], ['cell_direction_angle', 1, 1, None], ['cell_cycle', 1, 1, (0.5000000001, 5, False)], ['cell_direction_remember', 1, 1, (0, 1, False)], ['cell_vision_scale', 1, 1, (1.01, 20, False)], ['cell_vision_nconsidered', 1, 1, (1, 100, False)]]"
14,#16074A,6.25,"(234.73861777727947, 365.630918923779)",26.040280419091097,0.41342653581731065,0.03286323028950076,0.6040632513582467,5.183652883307007,1.22870697661029,0.2994434445521521,3.1746887933843135,2.8396388435019393,0.4823348957585286,"[['cell_mutational_rate', 1, 1, (1e-10, 1, False)], ['cell_direction_pause', 1, 1, (0, 1, False)], ['cell_direction_angle', 1, 1, None], ['cell_cycle', 1, 1, (0.5000000001, 5, False)], ['cell_direction_remember', 1, 1, (0, 1, False)], ['cell_vision_scale', 1, 1, (1.01, 20, False)], ['cell_vision_nconsidered', 1, 1, (1, 100, False)]]"
15,#16074A,6.25,"(304.41904452424563, 343.8475109370378)",23.154276463804223,0.02619787786480425,0.029850248324877107,0.1411030836527143,2.10075145527631,0.6254037477805048,1.0,2.6186110014560255,2.231862513968944,0.6517070035031466,"[['cell_mutational_rate', 1, 1, (1e-10, 1, False)], ['cell_direction_pause', 1, 1, (0, 1, False)], ['cell_direction_angle', 1, 1, None], ['cell_cycle', 1, 1, (0.5000000001, 5, False)], ['cell_direction_remember', 1, 1, (0, 1, False)], ['cell_vision_scale', 1, 1, (1.01, 20, False)], ['cell_vision_nconsidered', 1, 1, (1, 100, False)]]"
16,#1F0BA4,6.25,"(220.74248798254172, 141.95989924029067)",26.022685229589165,0.5179820825492174,0.02478784552126857,0.08863321394437018,3.1694164069984723,0.8455129978993656,0.6554273249793456,2.311899577409811,1.1399935238898555,2.6642387500477252e-06,"[['cell_mutational_rate', 0.3968764554052633, 1, (1e-10, 1, False)], ['cell_direction_pause', 0.3701155327404269, 1, (0, 1, False)], ['cell_direction_angle', 0.5956474781880162, 1, None], ['cell_cycle', 0.27469978060010575, 1, (0.5000000001, 5, False)], ['cell_direction_remember', 0.5292090053865316, 1, (0, 1, False)], ['cell_vision_scale', 0.5581866732269702, 1, (1.01, 20, False)], ['cell_vision_nconsidered', 0.3463385314323137, 1, (1, 100, False)]]"
17,#9DE4F3,6.25,"(154.30239888214794, 313.5651707854283)",25.094382860689507,-0.688476905481918,0.0604008386846544,0.02103189042024456,6.230994702786089,0.7585906532731302,0.0,2.7466991023463385,1.1643125831071153,0.2513936290790004,"[['cell_mutational_rate', 0.5091928105072969, 1, (1e-10, 1, False)], ['cell_direction_pause', 1, 1, (0, 1, False)], ['cell_direction_angle', 0.6253642142155299, 1, None], ['cell_cycle', 1, 1, (0.5000000001, 5, False)], ['cell_direction_remember', 1, 1, (0, 1, False)], ['cell_vision_scale', 0.9953988963116613, 1, (1.01, 20, False)], ['cell_vision_nconsidered', 0.7746163811967636, 1, (1, 100, False)]]"
18,#16074A,6.25,"(327.9103167305281, 328.2864649215029)",27.0,0.0,0.07683333333333332,1.0,3.4314624581816813,1.3326392447769564,0.0,4.210370385860939,3.0710161813049615,1.0,"[['cell_mutational_rate', 1, 1, (1e-10, 1, False)], ['cell_direction_pause', 1, 1, (0, 1, False)], ['cell_direction_angle', 1, 1, None], ['cell_cycle', 1, 1, (0.5000000001, 5, False)], ['cell_direction_remember', 1, 1, (0, 1, False)], ['cell_vision_scale', 1, 1, (1.01, 20, False)], ['cell_vision_nconsidered', 1, 1, (1, 100, False)]]"
19,#16074A,6.25,"(250.85629063056206, 361.38096807890946)",26.02268518518685,0.513174587192146,0.024787801026825082,0.0,3.9936578684490485,1.3604620604986193,1.0,3.0831439837225094,1.7964112336001936,1e-10,"[['cell_mutational_rate', 1, 1, (1e-10, 1, False)], ['cell_direction_pause', 1, 1, (0, 1, False)], ['cell_direction_angle', 1, 1, None], ['cell_cycle', 1, 1, (0.5000000001, 5, False)], ['cell_direction_remember', 1, 1, (0, 1, False)], ['cell_vision_scale', 1, 1, (1.01, 20, False)], ['cell_vision_nconsidered', 1, 1, (1, 100, False)]]"
20,#1B1C38,6.25,"(231.71101119786522, 375.85499866717765)",20.121316897620275,-0.26790987846888503,0.14425924939727627,0.574514271705989,0.8891027115670922,1.263589063881436,0.0,1.4288269453709563,1.0,5.864281177668048,"[['cell_mutational_rate', 1, 1, (1e-10, 1, False)], ['cell_direction_pause', 1, 1, (0, 1, False)], ['cell_direction_angle', 1, 1, None], ['cell_cycle', 1, 1, (0.5000000001, 5, False)], ['cell_direction_remember', 1, 1, (0, 1, False)], ['cell_vision_scale', 1, 1, (1.01, 20, False)], ['cell_vision_nconsidered', 1, 1, (1, 100, False)]]"
21,#9DE4F3,6.25,"(187.94875951649757, 332.8370630430441)",24.039247123503284,-0.26221442178671583,0.07429318666968478,0.0822215412564804,6.81588934481492,0.6765672528509714,0.8705493010276575,2.7728542473200477,2.563630336201537,1.212879833875467,"[['cell_mutational_rate', 1, 1, (1e-10, 1, False)], ['cell_direction_pause', 1, 1, (0, 1, False)], ['cell_direction_angle', 1, 1, None], ['cell_cycle', 1, 1, (0.5000000001, 5, False)], ['cell_direction_remember', 1, 1, (0, 1, False)], ['cell_vision_scale', 1, 1, (1.01, 20, False)], ['cell_vision_nconsidered', 1, 1, (1, 100, False)]]"
22,#1F0BA4,6.25,"(164.14422795252625, 142.98081043561098)",23.00680866044413,0.7320368419017644,0.018698740435706216,0.08863321394437018,3.1694164069984723,0.8455129978993656,0.6554273249793456,2.311899577409811,1.1399935238898555,1.1354625779015017e-05,"[['cell_mutational_rate', 0.3968764554052633, 1, (1e-10, 1, False)], ['cell_direction_pause', 0.3701155327404269, 1, (0, 1, False)], ['cell_direction_angle', 0.5956474781880162, 1, None], ['cell_cycle', 0.27469978060010575, 1, (0.5000000001, 5, False)], ['cell_direction_remember', 0.5292090053865316, 1, (0, 1, False)], ['cell_vision_scale', 0.5581866732269702, 1, (1.01, 20, False)], ['cell_vision_nconsidered', 0.3463385314323137, 1, (1, 100, False)]]"
23,#16074A,6.25,"(292.24613657034905, 379.5426036421884)",26.0,-0.3991666666666668,0.07474074074074075,0.5911884315603959,3.5734486331109334,0.5000000001,0.0,1.2159774705576005,2.0402896734419067,1.0,"[['cell_mutational_rate', 1, 1, (1e-10, 1, False)], ['cell_direction_pause', 1, 1, (0, 1, False)], ['cell_direction_angle', 1, 1, None], ['cell_cycle', 1, 1, (0.5000000001, 5, False)], ['cell_direction_remember', 1, 1, (0, 1, False)], ['cell_vision_scale', 1, 1, (1.01, 20, False)], ['cell_vision_nconsidered', 1, 1, (1, 100, False)]]"
24,#1F0BA4,6.25,"(349.11271447313555, 116.44948996066964)",25.0,-1.9031947276188,0.056018523667143175,0.08863321394437018,3.1694164069984723,0.8455129978993656,0.6554273249793456,2.311899577409811,1.1399935238898555,3.0891747857542347e-07,"[['cell_mutational_rate', 0.3968764554052633, 1, (1e-10, 1, False)], ['cell_direction_pause', 0.3701155327404269, 1, (0, 1, False)], ['cell_direction_angle', 0.5956474781880162, 1, None], ['cell_cycle', 0.27469978060010575, 1, (0.5000000001, 5, False)], ['cell_direction_remember', 0.5292090053865316, 1, (0, 1, False)], ['cell_vision_scale', 0.5581866732269702, 1, (1.01, 20, False)], ['cell_vision_nconsidered', 0.3463385314323137, 1, (1, 100, False)]]"
25,#9DE4F3,6.25,"(138.93058612381515, 241.66921188411726)",24.034462962962962,0.9655370370370371,0.037402281253626234,0.9948245778316345,6.26745250108787,0.834887460352292,0.0,1.6943867791414418,1.6796851099820962,1.0,"[['cell_mutational_rate', 1, 1, (1e-10, 1, False)], ['cell_direction_pause', 1, 1, (0, 1, False)], ['cell_direction_angle', 0.9435916597301839, 1, None], ['cell_cycle', 1, 1, (0.5000000001, 5, False)], ['cell_direction_remember', 1, 1, (0, 1, False)], ['cell_vision_scale', 1, 1, (1.01, 20, False)], ['cell_vision_nconsidered', 1, 1, (1, 100, False)]]"
26,#9DE4F3,6.25,"(144.14225487995643, 292.4412177328699)",25.0,-0.3806018518518519,0.0726851851851852,0.8091708476990278,6.244342429064517,0.5000000001,0.0,3.575125444239339,2.7604358321424125,1.0,"[['cell_mutational_rate', 1, 1, (1e-10, 1, False)], ['cell_direction_pause', 1, 1, (0, 1, False)], ['cell_direction_angle', 1, 1, None], ['cell_cycle', 1, 1, (0.5000000001, 5, False)], ['cell_direction_remember', 1, 1, (0, 1, False)], ['cell_vision_scale', 1, 1, (1.01, 20, False)], ['cell_vision_nconsidered', 1, 1, (1, 100, False)]]"
27,#16074A,6.25,"(195.61789777032124, 333.79956813667656)",24.056577740469734,-1.1933809642726296,0.05467243671068794,0.0,4.067911424801018,0.5000000001,0.9024005845144774,3.6499598283422143,2.5488888874706626,0.03355331707300063,"[['cell_mutational_rate', 1, 1, (1e-10, 1, False)], ['cell_direction_pause', 1, 1, (0, 1, False)], ['cell_direction_angle', 1, 1, None], ['cell_cycle', 1, 1, (0.5000000001, 5, False)], ['cell_direction_remember', 1, 1, (0, 1, False)], ['cell_vision_scale', 1, 1, (1.01, 20, False)], ['cell_vision_nconsidered', 1, 1, (1, 100, False)]]"
28,#1F0BA4,6.25,"(123.68001612414682, 187.82973395707128)",23.02033223845379,0.5799181815114194,0.018725422032873373,0.08863321394437018,3.1694164069984723,0.8455129978993656,0.6554273249793456,2.311899577409811,1.1399935238898555,1.9065665710447618e-05,"[['cell_mutational_rate', 0.3968764554052633, 1, (1e-10, 1, False)], ['cell_direction_pause', 0.3701155327404269, 1, (0, 1, False)], ['cell_direction_angle', 0.5956474781880162, 1, None], ['cell_cycle', 0.27469978060010575, 1, (0.5000000001, 5, False)], ['cell_direction_remember', 0.5292090053865316, 1, (0, 1, False)], ['cell_vision_scale', 0.5581866732269702, 1, (1.01, 20, False)], ['cell_vision_nconsidered', 0.3463385314323137, 1, (1, 100, False)]]"
29,#16074A,6.25,"(335.19968238181156, 323.2954770259056)",22.08076742861836,-0.3270385627708705,0.10457670158695119,0.2585965810212003,2.0612164707094864,1.2865648186268492,0.0,4.346128908920481,3.242088069579565,3.2608172774905886,"[['cell_mutational_rate', 1, 1, (1e-10, 1, False)], ['cell_direction_pause', 1, 1, (0, 1, False)], ['cell_direction_angle', 1, 1, None], ['cell_cycle', 1, 1, (0.5000000001, 5, False)], ['cell_direction_remember', 1, 1, (0, 1, False)], ['cell_vision_scale', 1, 1, (1.01, 20, False)], ['cell_vision_nconsidered', 1, 1, (1, 100, False)]]"
30,#16074A,6.25,"(316.6068011610422, 465.13747249592444)",25.0,-3.143518518518519,0.0726851851851852,0.0,4.089518256770888,0.7016366712094684,1.0,3.057687155389093,1.0721654568175338,1.0,"[['cell_mutational_rate', 1, 1, (1e-10, 1, False)], ['cell_direction_pause', 1, 1, (0, 1, False)], ['cell_direction_angle', 1, 1, None], ['cell_cycle', 1, 1, (0.5000000001, 5, False)], ['cell_direction_remember', 1, 1, (0, 1, False)], ['cell_vision_scale', 1, 1, (1.01, 20, False)], ['cell_vision_nconsidered', 1, 1, (1, 100, False)]]"
31,#1F0BA4,6.25,"(357.41331234607003, 242.63798858059025)",20.032370648725106,0.4315394625517393,0.01302294834093293,0.08863321394437018,3.1694164069984723,0.8455129978993656,0.6554273249793456,2.311899577409811,1.1399935238898555,1.2196432987565722e-06,"[['cell_mutational_rate', 0.3968764554052633, 1, (1e-10, 1, False)], ['cell_direction_pause', 0.3701155327404269, 1, (0, 1, False)], ['cell_direction_angle', 0.5956474781880162, 1, None], ['cell_cycle', 0.27469978060010575, 1, (0.5000000001, 5, False)], ['cell_direction_remember', 0.5292090053865316, 1, (0, 1, False)], ['cell_vision_scale', 0.5581866732269702, 1, (1.01, 20, False)], ['cell_vision_nconsidered', 0.3463385314323137, 1, (1, 100, False)]]"
32,#1F0BA4,6.25,"(338.6723232150024, 171.32958851936894)",23.035789786525168,0.39168814616844694,0.01875546319974909,0.08863321394437018,3.1694164069984723,0.8455129978993656,0.6554273249793456,2.311899577409811,1.1399935238898555,1.6117736762291163e-08,"[['cell_mutational_rate', 0.3968764554052633, 1, (1e-10, 1, False)], ['cell_direction_pause', 0.3701155327404269, 1, (0, 1, False)], ['cell_direction_angle', 0.5956474781880162, 1, None], ['cell_cycle', 0.27469978060010575, 1, (0.5000000001, 5, False)], ['cell_direction_remember', 0.5292090053865316, 1, (0, 1, False)], ['cell_vision_scale', 0.5581866732269702, 1, (1.01, 20, False)], ['cell_vision_nconsidered', 0.3463385314323137, 1, (1, 100, False)]]"
33,#1F0BA4,6.25,"(231.50604919121184, 236.88894945146606)",25.0,-1.949792836972886,0.0560189414481597,0.08863321394437018,3.1694164069984723,0.8455129978993656,0.6554273249793456,2.311899577409811,1.1399935238898555,2.537577846997622e-05,"[['cell_mutational_rate', 0.3968764554052633, 1, (1e-10, 1, False)], ['cell_direction_pause', 0.3701155327404269, 1, (0, 1, False)], ['cell_direction_angle', 0.5956474781880162, 1, None], ['cell_cycle', 0.27469978060010575, 1, (0.5000000001, 5, False)], ['cell_direction_remember', 0.5292090053865316, 1, (0, 1, False)], ['cell_vision_scale', 0.5581866732269702, 1, (1.01, 20, False)], ['cell_vision_nconsidered', 0.3463385314323137, 1, (1, 100, False)]]"
34,#16074A,6.25,"(398.6899636832261, 415.07548900555474)",24.0,-2.1825462962962967,0.07066666666666667,0.38231509101203365,3.350907309686936,0.642845286311414,0.7952160152989254,2.8745418199053603,1.5745312096302402,1.0,"[['cell_mutational_rate', 1, 1, (1e-10, 1, False)], ['cell_direction_pause', 1, 1, (0, 1, False)], ['cell_direction_angle', 1, 1, None], ['cell_cycle', 1, 1, (0.5000000001, 5, False)], ['cell_direction_remember', 1, 1, (0, 1, False)], ['cell_vision_scale', 1, 1, (1.01, 20, False)], ['cell_vision_nconsidered', 1, 1, (1, 100, False)]]"
35,#9DE4F3,6.25,"(154.29363961211655, 314.51863636607374)",24.0,-2.9668518518518523,0.07066666666666667,0.0,6.471151946422018,0.718694108995745,0.46423486589952256,3.328407766559894,2.0019940433024903,1.0,"[['cell_mutational_rate', 1, 1, (1e-10, 1, False)], ['cell_direction_pause', 1, 1, (0, 1, False)], ['cell_direction_angle', 1, 1, None], ['cell_cycle', 1, 1, (0.5000000001, 5, False)], ['cell_direction_remember', 1, 1, (0, 1, False)], ['cell_vision_scale', 1, 1, (1.01, 20, False)], ['cell_vision_nconsidered', 1, 1, (1, 100, False)]]"
36,#16074A,6.25,"(198.69452525198233, 330.32211214329914)",20.013845264097615,1.465649885894021,0.01577780569587135,0.0,4.067911424801018,0.5000000001,0.9024005845144774,3.6499598283422143,2.5488888874706626,0.1673519883066146,"[['cell_mutational_rate', 1, 1, (1e-10, 1, False)], ['cell_direction_pause', 1, 1, (0, 1, False)], ['cell_direction_angle', 1, 1, None], ['cell_cycle', 1, 1, (0.5000000001, 5, False)], ['cell_direction_remember', 1, 1, (0, 1, False)], ['cell_vision_scale', 1, 1, (1.01, 20, False)], ['cell_vision_nconsidered', 1, 1, (1, 100, False)]]"
37,#1F0BA4,6.25,"(368.50738498999686, 236.4427521654663)",22.045432536686235,-0.03055210527440278,0.05016161712460914,0.08863321394437018,3.1694164069984723,0.8455129978993656,0.6554273249793456,2.311899577409811,1.1399935238898555,3.0755348409302376e-07,"[['cell_mutational_rate', 0.3968764554052633, 1, (1e-10, 1, False)], ['cell_direction_pause', 0.3701155327404269, 1, (0, 1, False)], ['cell_direction_angle', 0.5956474781880162, 1, None], ['cell_cycle', 0.27469978060010575, 1, (0.5000000001, 5, False)], ['cell_direction_remember', 0.5292090053865316, 1, (0, 1, False)], ['cell_vision_scale', 0.5581866732269702, 1, (1.01, 20, False)], ['cell_vision_nconsidered', 0.3463385314323137, 1, (1, 100, False)]]"
38,#1F0BA4,6.25,"(438.75059629542295, 214.43551805459373)",24.0,-1.881250009987896,0.054000000173702545,0.08863321394437018,3.1694164069984723,0.8455129978993656,0.6554273249793456,2.311899577409811,1.1399935238898555,1.0422152333547722e-08,"[['cell_mutational_rate', 0.3968764554052633, 1, (1e-10, 1, False)], ['cell_direction_pause', 0.3701155327404269, 1, (0, 1, False)], ['cell_direction_angle', 0.5956474781880162, 1, None], ['cell_cycle', 0.27469978060010575, 1, (0.5000000001, 5, False)], ['cell_direction_remember', 0.5292090053865316, 1, (0, 1, False)], ['cell_vision_scale', 0.5581866732269702, 1, (1.01, 20, False)], ['cell_vision_nconsidered', 0.3463385314323137, 1, (1, 100, False)]]"
39,#1B1C38,6.25,"(170.80003324899937, 338.27306647188385)",24.0,-0.1912037037037037,0.07066666666666667,0.9559676618770521,1.5561839508909499,1.188875719165713,0.0,2.3279569109694083,1.1349798992118831,1.0,"[['cell_mutational_rate', 1, 1, (1e-10, 1, False)], ['cell_direction_pause', 1, 1, (0, 1, False)], ['cell_direction_angle', 1, 1, None], ['cell_cycle', 1, 1, (0.5000000001, 5, False)], ['cell_direction_remember', 1, 1, (0, 1, False)], ['cell_vision_scale', 1, 1, (1.01, 20, False)], ['cell_vision_nconsidered', 1, 1, (1, 100, False)]]"
40,#1F0BA4,6.25,"(269.05762143240526, 263.45960180403415)",23.0,-1.6532455610692396,0.0520186149250885,0.08863321394437018,3.1694164069984723,0.8455129978993656,0.6554273249793456,2.311899577409811,1.1399935238898555,5.784394198311022e-06,"[['cell_mutational_rate', 0.3968764554052633, 1, (1e-10, 1, False)], ['cell_direction_pause', 0.3701155327404269, 1, (0, 1, False)], ['cell_direction_angle', 0.5956474781880162, 1, None], ['cell_cycle', 0.27469978060010575, 1, (0.5000000001, 5, False)], ['cell_direction_remember', 0.5292090053865316, 1, (0, 1, False)], ['cell_vision_scale', 0.5581866732269702, 1, (1.01, 20, False)], ['cell_vision_nconsidered', 0.3463385314323137, 1, (1, 100, False)]]"
41,#1F0BA4,6.25,"(229.5560638584633, 106.84281799669245)",21.014119001063392,1.0787858294269745,0.014860038124075478,0.08863321394437018,3.1694164069984723,0.8455129978993656,0.6554273249793456,2.311899577409811,1.1399935238898555,1.912494909279455e-06,"[['cell_mutational_rate', 0.3968764554052633, 1, (1e-10, 1, False)], ['cell_direction_pause', 0.3701155327404269, 1, (0, 1, False)], ['cell_direction_angle', 0.5956474781880162, 1, None], ['cell_cycle', 0.27469978060010575, 1, (0.5000000001, 5, False)], ['cell_direction_remember', 0.5292090053865316, 1, (0, 1, False)], ['cell_vision_scale', 0.5581866732269702, 1, (1.01, 20, False)], ['cell_vision_nconsidered', 0.3463385314323137, 1, (1, 100, False)]]"
42,#1F0BA4,6.25,"(362.0601801864385, 208.1098974873979)",22.028166666931064,0.4484161969812633,0.016795002611098453,0.08863321394437018,3.1694164069984723,0.8455129978993656,0.6554273249793456,2.311899577409811,1.1399935238898555,1.5863732719929406e-08,"[['cell_mutational_rate', 0.3968764554052633, 1, (1e-10, 1, False)], ['cell_direction_pause', 0.3701155327404269, 1, (0, 1, False)], ['cell_direction_angle', 0.5956474781880162, 1, None], ['cell_cycle', 0.27469978060010575, 1, (0.5000000001, 5, False)], ['cell_direction_remember', 0.5292090053865316, 1, (0, 1, False)], ['cell_vision_scale', 0.5581866732269702, 1, (1.01, 20, False)], ['cell_vision_nconsidered', 0.3463385314323137, 1, (1, 100, False)]]"
43,#16074A,6.25,"(225.5448025998409, 365.1353558062904)",14.209897954565777,4.593984679472073,0.0254426402901919,0.0,5.211280531437829,0.8510968329492141,0.016515788011184362,4.028388935810779,1.0,1.3548749983524926,"[['cell_mutational_rate', 1, 1, (1e-10, 1, False)], ['cell_direction_pause', 1, 1, (0, 1, False)], ['cell_direction_angle', 1, 1, None], ['cell_cycle', 1, 1, (0.5000000001, 5, False)], ['cell_direction_remember', 1, 1, (0, 1, False)], ['cell_vision_scale', 1, 1, (1.01, 20, False)], ['cell_vision_nconsidered', 1, 1, (1, 100, False)]]"
44,#16074A,6.25,"(196.4769278604397, 327.5276749212075)",23.0,-1.9003215881645763,0.05312314517258844,0.0,5.966987651228037,0.8510968329492141,0.5940649148464558,4.028388935810779,1.7437104901307792,0.06627759924419574,"[['cell_mutational_rate', 1, 1, (1e-10, 1, False)], ['cell_direction_pause', 1, 1, (0, 1, False)], ['cell_direction_angle', 1, 1, None], ['cell_cycle', 1, 1, (0.5000000001, 5, False)], ['cell_direction_remember', 1, 1, (0, 1, False)], ['cell_vision_scale', 1, 1, (1.01, 20, False)], ['cell_vision_nconsidered', 1, 1, (1, 100, False)]]"
45,#1F0BA4,6.25,"(308.6690214725122, 170.00731423883863)",22.0,-1.7116825252696093,0.050075204163151144,0.08863321394437018,3.1694164069984723,0.8455129978993656,0.6554273249793456,2.311899577409811,1.1399935238898555,6.780534462405646e-05,"[['cell_mutational_rate', 0.3968764554052633, 1, (1e-10, 1, False)], ['cell_direction_pause', 0.3701155327404269, 1, (0, 1, False)], ['cell_direction_angle', 0.5956474781880162, 1, None], ['cell_cycle', 0.27469978060010575, 1, (0.5000000001, 5, False)], ['cell_direction_remember', 0.5292090053865316, 1, (0, 1, False)], ['cell_vision_scale', 0.5581866732269702, 1, (1.01, 20, False)], ['cell_vision_nconsidered', 0.3463385314323137, 1, (1, 100, False)]]"
46,#1F0BA4,6.25,"(233.27045696998124, 147.86991485075728)",21.02816668437115,0.5837721429405833,0.014886569466855851,0.08863321394437018,3.1694164069984723,0.8455129978993656,0.6554273249793456,2.311899577409811,1.1399935238898555,1.0622691671129286e-06,"[['cell_mutational_rate', 0.3968764554052633, 1, (1e-10, 1, False)], ['cell_direction_pause', 0.3701155327404269, 1, (0, 1, False)], ['cell_direction_angle', 0.5956474781880162, 1, None], ['cell_cycle', 0.27469978060010575, 1, (0.5000000001, 5, False)], ['cell_direction_remember', 0.5292090053865316, 1, (0, 1, False)], ['cell_vision_scale', 0.5581866732269702, 1, (1.01, 20, False)], ['cell_vision_nconsidered', 0.3463385314323137, 1, (1, 100, False)]]"
47,#1F0BA4,6.25,"(271.84729630286535, 234.75222431356192)",22.0,-1.7116215672974753,0.050074095836385085,0.08863321394437018,3.1694164069984723,0.8455129978993656,0.6554273249793456,2.311899577409811,1.1399935238898555,1.3057386597762407e-06,"[['cell_mutational_rate', 0.3968764554052633, 1, (1e-10, 1, False)], ['cell_direction_pause', 0.3701155327404269, 1, (0, 1, False)], ['cell_direction_angle', 0.5956474781880162, 1, None], ['cell_cycle', 0.27469978060010575, 1, (0.5000000001, 5, False)], ['cell_direction_remember', 0.5292090053865316, 1, (0, 1, False)], ['cell_vision_scale', 0.5581866732269702, 1, (1.01, 20, False)], ['cell_vision_nconsidered', 0.3463385314323137, 1, (1, 100, False)]]"
48,#9DE4F3,6.25,"(155.72005026149768, 310.64521267542796)",20.107398613818983,-0.06072703466811746,0.05197734167873208,0.05579400906244647,6.651906309857631,0.7326161755028744,1.0,3.7529500355652585,1.6536792286351634,0.32891672756375967,"[['cell_mutational_rate', 1, 1, (1e-10, 1, False)], ['cell_direction_pause', 1, 1, (0, 1, False)], ['cell_direction_angle', 1, 1, None], ['cell_cycle', 1, 1, (0.5000000001, 5, False)], ['cell_direction_remember', 1, 1, (0, 1, False)], ['cell_vision_scale', 1, 1, (1.01, 20, False)], ['cell_vision_nconsidered', 1, 1, (1, 100, False)]]"
49,#1F0BA4,6.25,"(303.3497671858467, 240.84978207046623)",21.0,-1.591222700895929,0.048167028517947144,0.08863321394437018,3.1694164069984723,0.8455129978993656,0.6554273249793456,2.311899577409811,1.1399935238898555,2.1711076829069944e-05,"[['cell_mutational_rate', 0.3968764554052633, 1, (1e-10, 1, False)], ['cell_direction_pause', 0.3701155327404269, 1, (0, 1, False)], ['cell_direction_angle', 0.5956474781880162, 1, None], ['cell_cycle', 0.27469978060010575, 1, (0.5000000001, 5, False)], ['cell_direction_remember', 0.5292090053865316, 1, (0, 1, False)], ['cell_vision_scale', 0.5581866732269702, 1, (1.01, 20, False)], ['cell_vision_nconsidered', 0.3463385314323137, 1, (1, 100, False)]]"
50,#6B5B77,6.25,"(279.26808643949715, 112.22355268790022)",19.012397088547985,1.0977560310408891,0.011152148314778565,0.0004885934422240723,2.587654374751426,0.6014583468288714,0.9286413540628824,1.7951601945676652,2.2504743639265605,1.0451472614751287e-06,"[['cell_mutational_rate', 1, 1, (1e-10, 1, False)], ['cell_direction_pause', 1, 1, (0, 1, False)], ['cell_direction_angle', 0.9812889850086363, 1, None], ['cell_cycle', 1, 1, (0.5000000001, 5, False)], ['cell_direction_remember', 0.8009777830471396, 1, (0, 1, False)], ['cell_vision_scale', 1, 1, (1.01, 20, False)], ['cell_vision_nconsidered', 0.7251176718168842, 1, (1, 100, False)]]"
51,#1F0BA4,6.25,"(150.7212779436826, 210.76137441133264)",16.019540796921472,1.212344560712482,0.005890142158591442,0.08863321394437018,3.1694164069984723,0.8455129978993656,0.6554273249793456,2.311899577409811,1.1399935238898555,0.00029949044935360486,"[['cell_mutational_rate', 0.3968764554052633, 1, (1e-10, 1, False)], ['cell_direction_pause', 0.3701155327404269, 1, (0, 1, False)], ['cell_direction_angle', 0.5956474781880162, 1, None], ['cell_cycle', 0.27469978060010575, 1, (0.5000000001, 5, False)], ['cell_direction_remember', 0.5292090053865316, 1, (0, 1, False)], ['cell_vision_scale', 0.5581866732269702, 1, (1.01, 20, False)], ['cell_vision_nconsidered', 0.3463385314323137, 1, (1, 100, False)]]"
52,#1F0BA4,6.25,"(393.8662640058292, 266.82222633404473)",21.0,-1.5912037272103743,0.048166667114412774,0.08863321394437018,3.1694164069984723,0.8455129978993656,0.6554273249793456,2.311899577409811,1.1399935238898555,2.686476619276831e-08,"[['cell_mutational_rate', 0.3968764554052633, 1, (1e-10, 1, False)], ['cell_direction_pause', 0.3701155327404269, 1, (0, 1, False)], ['cell_direction_angle', 0.5956474781880162, 1, None], ['cell_cycle', 0.27469978060010575, 1, (0.5000000001, 5, False)], ['cell_direction_remember', 0.5292090053865316, 1, (0, 1, False)], ['cell_vision_scale', 0.5581866732269702, 1, (1.01, 20, False)], ['cell_vision_nconsidered', 0.3463385314323137, 1, (1, 100, False)]]"
53,#9DE4F3,6.25,"(202.97865114049952, 368.2045130226934)",21.0,-1.2489351852560184,0.04816666666833333,0.19193427337333158,6.9985335363937295,1.0276475700144927,0.0,3.8605752202562442,1.5498824410324243,1e-10,"[['cell_mutational_rate', 1, 1, (1e-10, 1, False)], ['cell_direction_pause', 1, 1, (0, 1, False)], ['cell_direction_angle', 1, 1, None], ['cell_cycle', 1, 1, (0.5000000001, 5, False)], ['cell_direction_remember', 1, 1, (0, 1, False)], ['cell_vision_scale', 1, 1, (1.01, 20, False)], ['cell_vision_nconsidered', 0.8708851693375456, 1, (1, 100, False)]]"
54,#1F0BA4,6.25,"(362.7379412764805, 218.96794184456294)",19.078370371174966,0.7889406688008809,0.011271971481746523,0.08863321394437018,3.1694164069984723,0.8455129978993656,0.6554273249793456,2.311899577409811,1.1399935238898555,2.4137874738725154e-08,"[['cell_mutational_rate', 0.3968764554052633, 1, (1e-10, 1, False)], ['cell_direction_pause', 0.3701155327404269, 1, (0, 1, False)], ['cell_direction_angle', 0.5956474781880162, 1, None], ['cell_cycle', 0.27469978060010575, 1, (0.5000000001, 5, False)], ['cell_direction_remember', 0.5292090053865316, 1, (0, 1, False)], ['cell_vision_scale', 0.5581866732269702, 1, (1.01, 20, False)], ['cell_vision_nconsidered', 0.3463385314323137, 1, (1, 100, False)]]"
55,#16074A,6.25,"(228.57243570946628, 345.7350529628136)",19.11344145879666,-0.5021291686437266,0.060415024376584914,0.014324298373584732,4.375754049333102,0.6619036789463684,1.0,2.9797027621631313,1.8940295907226046,0.9447568715654876,"[['cell_mutational_rate', 1, 1, (1e-10, 1, False)], ['cell_direction_pause', 1, 1, (0, 1, False)], ['cell_direction_angle', 1, 1, None], ['cell_cycle', 1, 1, (0.5000000001, 5, False)], ['cell_direction_remember', 1, 1, (0, 1, False)], ['cell_vision_scale', 1, 1, (1.01, 20, False)], ['cell_vision_nconsidered', 1, 1, (1, 100, False)]]"
56,#1B1C38,6.25,"(201.11737523760894, 358.0710922484288)",21.0,-1.4225,0.06483333333333334,0.581697276105019,0.37529108880280626,0.7085378535725326,0.1457707562936661,1.2292820929303159,1.0,1.0,"[['cell_mutational_rate', 1, 1, (1e-10, 1, False)], ['cell_direction_pause', 1, 1, (0, 1, False)], ['cell_direction_angle', 1, 1, None], ['cell_cycle', 1, 1, (0.5000000001, 5, False)], ['cell_direction_remember', 1, 1, (0, 1, False)], ['cell_vision_scale', 1, 1, (1.01, 20, False)], ['cell_vision_nconsidered', 1, 1, (1, 100, False)]]"
57,#1F0BA4,6.25,"(205.20571674943776, 150.12885169384796)",19.039185242659606,-0.31765533381924294,0.044534162831161433,0.08863321394437018,3.1694164069984723,0.8455129978993656,0.6554273249793456,2.311899577409811,1.1399935238898555,3.4484653708895168e-06,"[['cell_mutational_rate', 0.3968764554052633, 1, (1e-10, 1, False)], ['cell_direction_pause', 0.3701155327404269, 1, (0, 1, False)], ['cell_direction_angle', 0.5956474781880162, 1, None], ['cell_cycle', 0.27469978060010575, 1, (0.5000000001, 5, False)], ['cell_direction_remember', 0.5292090053865316, 1, (0, 1, False)], ['cell_vision_scale', 0.5581866732269702, 1, (1.01, 20, False)], ['cell_vision_nconsidered', 0.3463385314323137, 1, (1, 100, False)]]"
58,#1B1C38,6.25,"(143.64725222113745, 287.9668318609213)",20.0,-1.1788711504666483,0.058775449242558245,0.3567255348317506,2.5541512698720212,0.6294682247165009,1.0,4.845516267242434,2.416534098405526,0.7487491767757171,"[['cell_mutational_rate', 1, 1, (1e-10, 1, False)], ['cell_direction_pause', 1, 1, (0, 1, False)], ['cell_direction_angle', 1, 1, None], ['cell_cycle', 1, 1, (0.5000000001, 5, False)], ['cell_direction_remember', 1, 1, (0, 1, False)], ['cell_vision_scale', 1, 1, (1.01, 20, False)], ['cell_vision_nconsidered', 1, 1, (1, 100, False)]]"
59,#1F0BA4,6.25,"(351.5173383264922, 247.9845650646816)",19.035851852772858,0.08740815793555269,0.011194718827063278,0.08863321394437018,3.1694164069984723,0.8455129978993656,0.6554273249793456,2.311899577409811,1.1399935238898555,5.526036623666714e-08,"[['cell_mutational_rate', 0.3968764554052633, 1, (1e-10, 1, False)], ['cell_direction_pause', 0.3701155327404269, 1, (0, 1, False)], ['cell_direction_angle', 0.5956474781880162, 1, None], ['cell_cycle', 0.27469978060010575, 1, (0.5000000001, 5, False)], ['cell_direction_remember', 0.5292090053865316, 1, (0, 1, False)], ['cell_vision_scale', 0.5581866732269702, 1, (1.01, 20, False)], ['cell_vision_nconsidered', 0.3463385314323137, 1, (1, 100, False)]]"
60,#16074A,6.25,"(228.3892471797876, 350.8681205316296)",20.0,-1.4754629630462963,0.046296296297962954,0.014324298373584732,5.111482357074133,0.7156250597753997,1.0,2.9014072381584093,2.498185122588504,1e-10,"[['cell_mutational_rate', 1, 1, (1e-10, 1, False)], ['cell_direction_pause', 1, 1, (0, 1, False)], ['cell_direction_angle', 1, 1, None], ['cell_cycle', 1, 1, (0.5000000001, 5, False)], ['cell_direction_remember', 1, 1, (0, 1, False)], ['cell_vision_scale', 1, 1, (1.01, 20, False)], ['cell_vision_nconsidered', 1, 1, (1, 100, False)]]"
61,#1B1C38,6.25,"(197.3067149083798, 379.3443494979968)",16.03684528753463,0.9287306969871836,0.013846531500845674,0.0,0.6825101099928028,1.2144811816228673,0.0,2.234252989751566,1.6439951601684297,0.47591286335251914,"[['cell_mutational_rate', 1, 1, (1e-10, 1, False)], ['cell_direction_pause', 1, 1, (0, 1, False)], ['cell_direction_angle', 1, 1, None], ['cell_cycle', 1, 1, (0.5000000001, 5, False)], ['cell_direction_remember', 1, 1, (0, 1, False)], ['cell_vision_scale', 1, 1, (1.01, 20, False)], ['cell_vision_nconsidered', 1, 1, (1, 100, False)]]"
62,#1F0BA4,6.25,"(176.75975888412347, 164.558697186176)",19.020166757967594,0.9835123017682057,0.011166327393131144,0.08863321394437018,3.1694164069984723,0.8455129978993656,0.6554273249793456,2.311899577409811,1.1399935238898555,5.478055700758324e-06,"[['cell_mutational_rate', 0.3968764554052633, 1, (1e-10, 1, False)], ['cell_direction_pause', 0.3701155327404269, 1, (0, 1, False)], ['cell_direction_angle', 0.5956474781880162, 1, None], ['cell_cycle', 0.27469978060010575, 1, (0.5000000001, 5, False)], ['cell_direction_remember', 0.5292090053865316, 1, (0, 1, False)], ['cell_vision_scale', 0.5581866732269702, 1, (1.01, 20, False)], ['cell_vision_nconsidered', 0.3463385314323137, 1, (1, 100, False)]]"
63,#16074A,6.25,"(181.64031000386154, 310.337135291387)",17.079598258097995,-0.04591597461679714,0.06530635549335811,0.0,5.211280531437829,0.8510968329492141,0.23294265365480804,3.3410127986217315,1.0,1.4556162494415932,"[['cell_mutational_rate', 1, 1, (1e-10, 1, False)], ['cell_direction_pause', 1, 1, (0, 1, False)], ['cell_direction_angle', 1, 1, None], ['cell_cycle', 1, 1, (0.5000000001, 5, False)], ['cell_direction_remember', 1, 1, (0, 1, False)], ['cell_vision_scale', 1, 1, (1.01, 20, False)], ['cell_vision_nconsidered', 1, 1, (1, 100, False)]]"
64,#1B1C38,6.25,"(209.2160485777484, 379.5229098886224)",20.0,-1.4754629630462963,0.046296296297962954,0.0,0.6825101099928028,1.2144811816228673,0.2418132467966656,2.234252989751566,1.0,1e-10,"[['cell_mutational_rate', 1, 1, (1e-10, 1, False)], ['cell_direction_pause', 1, 1, (0, 1, False)], ['cell_direction_angle', 1, 1, None], ['cell_cycle', 1, 1, (0.5000000001, 5, False)], ['cell_direction_remember', 1, 1, (0, 1, False)], ['cell_vision_scale', 1, 1, (1.01, 20, False)], ['cell_vision_nconsidered', 1, 1, (1, 100, False)]]"
65,#16074A,6.25,"(357.2115927367062, 303.0700800287071)",29.81899120265248,-5.123755602895878,0.28696489429610245,0.0,4.585277634782402,1.6703701591268578,0.7279023692785995,2.441668489494801,2.106658639842733,13.241991759429464,"[['cell_mutational_rate', 1, 1, (1e-10, 1, False)], ['cell_direction_pause', 1, 1, (0, 1, False)], ['cell_direction_angle', 1, 1, None], ['cell_cycle', 1, 1, (0.5000000001, 5, False)], ['cell_direction_remember', 1, 1, (0, 1, False)], ['cell_vision_scale', 1, 1, (1.01, 20, False)], ['cell_vision_nconsidered', 1, 1, (1, 100, False)]]"
66,#9DE4F3,6.25,"(159.6395160331979, 356.7559300127937)",19.0,-1.5511662138609232,0.048396871558865434,0.0,6.819703055862204,0.5000000001,0.38083279798606384,2.007994847700927,1.0,0.23603451575414813,"[['cell_mutational_rate', 0.5091928105072969, 1, (1e-10, 1, False)], ['cell_direction_pause', 0.8817506502703669, 1, (0, 1, False)], ['cell_direction_angle', 0.6485701828945415, 1, None], ['cell_cycle', 1, 1, (0.5000000001, 5, False)], ['cell_direction_remember', 1, 1, (0, 1, False)], ['cell_vision_scale', 0.9803200717726259, 1, (1.01, 20, False)], ['cell_vision_nconsidered', 0.8496159436045915, 1, (1, 100, False)]]"
67,#1F0BA4,6.25,"(140.67951219360006, 173.6013139165716)",15.006939025797033,2.201081755412724,0.004178239966498218,0.08863321394437018,3.1694164069984723,0.8455129978993656,0.6554273249793456,2.311899577409811,1.1399935238898555,4.419101020271235e-07,"[['cell_mutational_rate', 0.3968764554052633, 1, (1e-10, 1, False)], ['cell_direction_pause', 0.3701155327404269, 1, (0, 1, False)], ['cell_direction_angle', 0.5956474781880162, 1, None], ['cell_cycle', 0.27469978060010575, 1, (0.5000000001, 5, False)], ['cell_direction_remember', 0.5292090053865316, 1, (0, 1, False)], ['cell_vision_scale', 0.5581866732269702, 1, (1.01, 20, False)], ['cell_vision_nconsidered', 0.3463385314323137, 1, (1, 100, False)]]"
68,#16074A,6.25,"(196.95451005437025, 383.8936702504537)",19.0,-2.155972222222222,0.06112962962962964,0.0,4.31663489942184,0.5000000001,1.0,2.4097283258772233,1.6761823723027875,1.0,"[['cell_mutational_rate', 1, 1, (1e-10, 1, False)], ['cell_direction_pause', 1, 1, (0, 1, False)], ['cell_direction_angle', 1, 1, None], ['cell_cycle', 1, 1, (0.5000000001, 5, False)], ['cell_direction_remember', 1, 1, (0, 1, False)], ['cell_vision_scale', 1, 1, (1.01, 20, False)], ['cell_vision_nconsidered', 1, 1, (1, 100, False)]]"
69,#1F0BA4,6.25,"(403.4563645403385, 310.7107876790911)",19.0,-1.3107870955281062,0.0444629642627645,0.08863321394437018,3.1694164069984723,0.8455129978993656,0.6554273249793456,2.311899577409811,1.1399935238898555,7.798809216048727e-08,"[['cell_mutational_rate', 0.3968764554052633, 1, (1e-10, 1, False)], ['cell_direction_pause', 0.3701155327404269, 1, (0, 1, False)], ['cell_direction_angle', 0.5956474781880162, 1, None], ['cell_cycle', 0.27469978060010575, 1, (0.5000000001, 5, False)], ['cell_direction_remember', 0.5292090053865316, 1, (0, 1, False)], ['cell_vision_scale', 0.5581866732269702, 1, (1.01, 20, False)], ['cell_vision_nconsidered', 0.3463385314323137, 1, (1, 100, False)]]"
70,#1B1C38,6.25,"(205.31172583201598, 439.5424816418906)",19.0,-1.5743862760726013,0.04888571497384814,0.0,0.6825101099928028,1.027551691377168,0.0,2.234252989751566,1.6439951601684297,0.26536512065311024,"[['cell_mutational_rate', 1, 1, (1e-10, 1, False)], ['cell_direction_pause', 1, 1, (0, 1, False)], ['cell_direction_angle', 1, 1, None], ['cell_cycle', 1, 1, (0.5000000001, 5, False)], ['cell_direction_remember', 1, 1, (0, 1, False)], ['cell_vision_scale', 1, 1, (1.01, 20, False)], ['cell_vision_nconsidered', 1, 1, (1, 100, False)]]"
71,#9DE4F3,6.25,"(141.90013114018834, 227.86174941840054)",17.042018518518518,-0.17581111688974954,0.05764725011660443,0.0,5.247538865506865,0.5000000001,0.44343961010504174,2.579981177116344,1.0423326928775016,1.0,"[['cell_mutational_rate', 1, 1, (1e-10, 1, False)], ['cell_direction_pause', 1, 1, (0, 1, False)], ['cell_direction_angle', 1, 1, None], ['cell_cycle', 1, 1, (0.5000000001, 5, False)], ['cell_direction_remember', 1, 1, (0, 1, False)], ['cell_vision_scale', 1, 1, (1.01, 20, False)], ['cell_vision_nconsidered', 1, 1, (1, 100, False)]]"
72,#16074A,6.25,"(182.85922211782156, 338.05460083820935)",18.0,0.0,0.0452646895266027,0.9341024626136192,3.713866769775608,0.5000000001,1.0,4.009086504629554,2.5488888874706626,0.15588137159616156,"[['cell_mutational_rate', 1, 1, (1e-10, 1, False)], ['cell_direction_pause', 1, 1, (0, 1, False)], ['cell_direction_angle', 1, 1, None], ['cell_cycle', 1, 1, (0.5000000001, 5, False)], ['cell_direction_remember', 1, 1, (0, 1, False)], ['cell_vision_scale', 1, 1, (1.01, 20, False)], ['cell_vision_nconsidered', 1, 1, (1, 100, False)]]"
73,#1F0BA4,6.25,"(320.45059910836187, 217.45516796183028)",17.02140741028327,0.9746143660834389,0.007611350187785526,0.08863321394437018,3.1694164069984723,0.8455129978993656,0.6554273249793456,2.311899577409811,1.1399935238898555,1.7255175133828547e-07,"[['cell_mutational_rate', 0.3968764554052633, 1, (1e-10, 1, False)], ['cell_direction_pause', 0.3701155327404269, 1, (0, 1, False)], ['cell_direction_angle', 0.5956474781880162, 1, None], ['cell_cycle', 0.27469978060010575, 1, (0.5000000001, 5, False)], ['cell_direction_remember', 0.5292090053865316, 1, (0, 1, False)], ['cell_vision_scale', 0.5581866732269702, 1, (1.01, 20, False)], ['cell_vision_nconsidered', 0.3463385314323137, 1, (1, 100, False)]]"
74,#1F0BA4,6.25,"(178.848713396093, 164.9187439774075)",17.017796304154515,1.197665983530873,0.007605066548938462,0.08863321394437018,3.1694164069984723,0.8455129978993656,0.6554273249793456,2.311899577409811,1.1399935238898555,4.714930115131244e-07,"[['cell_mutational_rate', 0.3968764554052633, 1, (1e-10, 1, False)], ['cell_direction_pause', 0.3701155327404269, 1, (0, 1, False)], ['cell_direction_angle', 0.5956474781880162, 1, None], ['cell_cycle', 0.27469978060010575, 1, (0.5000000001, 5, False)], ['cell_direction_remember', 0.5292090053865316, 1, (0, 1, False)], ['cell_vision_scale', 0.5581866732269702, 1, (1.01, 20, False)], ['cell_vision_nconsidered', 0.3463385314323137, 1, (1, 100, False)]]"
75,#1F0BA4,6.25,"(248.13494271298924, 206.35966046157043)",16.02268518993796,0.8485238412844107,0.005890514976702814,0.08863321394437018,3.1694164069984723,0.8455129978993656,0.6554273249793456,2.311899577409811,1.1399935238898555,2.8516646391707186e-07,"[['cell_mutational_rate', 0.3968764554052633, 1, (1e-10, 1, False)], ['cell_direction_pause', 0.3701155327404269, 1, (0, 1, False)], ['cell_direction_angle', 0.5956474781880162, 1, None], ['cell_cycle', 0.27469978060010575, 1, (0.5000000001, 5, False)], ['cell_direction_remember', 0.5292090053865316, 1, (0, 1, False)], ['cell_vision_scale', 0.5581866732269702, 1, (1.01, 20, False)], ['cell_vision_nconsidered', 0.3463385314323137, 1, (1, 100, False)]]"
76,#1F0BA4,6.25,"(369.5862021827273, 233.5155682634192)",16.03750000064548,0.18131118914160285,0.005915767428989475,0.08863321394437018,3.1694164069984723,0.8455129978993656,0.6554273249793456,2.311899577409811,1.1399935238898555,3.872888787232806e-08,"[['cell_mutational_rate', 0.3968764554052633, 1, (1e-10, 1, False)], ['cell_direction_pause', 0.3701155327404269, 1, (0, 1, False)], ['cell_direction_angle', 0.5956474781880162, 1, None], ['cell_cycle', 0.27469978060010575, 1, (0.5000000001, 5, False)], ['cell_direction_remember', 0.5292090053865316, 1, (0, 1, False)], ['cell_vision_scale', 0.5581866732269702, 1, (1.01, 20, False)], ['cell_vision_nconsidered', 0.3463385314323137, 1, (1, 100, False)]]"
77,#1F0BA4,6.25,"(149.04750359468719, 208.7749051755692)",17.0,-1.0657457153709926,0.04090753177316371,0.08863321394437018,3.1694164069984723,0.8455129978993656,0.6554273249793456,2.311899577409811,1.1399935238898555,7.461945377736541e-06,"[['cell_mutational_rate', 0.3968764554052633, 1, (1e-10, 1, False)], ['cell_direction_pause', 0.3701155327404269, 1, (0, 1, False)], ['cell_direction_angle', 0.5956474781880162, 1, None], ['cell_cycle', 0.27469978060010575, 1, (0.5000000001, 5, False)], ['cell_direction_remember', 0.5292090053865316, 1, (0, 1, False)], ['cell_vision_scale', 0.5581866732269702, 1, (1.01, 20, False)], ['cell_vision_nconsidered', 0.3463385314323137, 1, (1, 100, False)]]"
78,#1F0BA4,6.25,"(262.3159605185217, 171.4339053893339)",17.0,-1.1553707051895399,0.04090741528550551,0.08863321394437018,3.1694164069984723,0.8455129978993656,0.6554273249793456,2.311899577409811,1.1399935238898555,4.726858861476716e-07,"[['cell_mutational_rate', 0.3968764554052633, 1, (1e-10, 1, False)], ['cell_direction_pause', 0.3701155327404269, 1, (0, 1, False)], ['cell_direction_angle', 0.5956474781880162, 1, None], ['cell_cycle', 0.27469978060010575, 1, (0.5000000001, 5, False)], ['cell_direction_remember', 0.5292090053865316, 1, (0, 1, False)], ['cell_vision_scale', 0.5581866732269702, 1, (1.01, 20, False)], ['cell_vision_nconsidered', 0.3463385314323137, 1, (1, 100, False)]]"
79,#16074A,6.25,"(266.92037969841897, 353.54867200419744)",14.062368352448813,0.29448825139675655,0.033844637028501344,0.6391552315074933,4.007564765748905,1.3783911751742965,0.0,2.67894641813925,1.6700352126295552,1.8734645496802107,"[['cell_mutational_rate', 1, 1, (1e-10, 1, False)], ['cell_direction_pause', 1, 1, (0, 1, False)], ['cell_direction_angle', 1, 1, None], ['cell_cycle', 1, 1, (0.5000000001, 5, False)], ['cell_direction_remember', 1, 1, (0, 1, False)], ['cell_vision_scale', 1, 1, (1.01, 20, False)], ['cell_vision_nconsidered', 1, 1, (1, 100, False)]]"
80,#1F0BA4,6.25,"(372.2182589631588, 237.30123018049966)",16.0,-1.0129167377186465,0.03918518707990465,0.08863321394437018,3.1694164069984723,0.8455129978993656,0.6554273249793456,2.311899577409811,1.1399935238898555,1.1368316785459557e-07,"[['cell_mutational_rate', 0.3968764554052633, 1, (1e-10, 1, False)], ['cell_direction_pause', 0.3701155327404269, 1, (0, 1, False)], ['cell_direction_angle', 0.5956474781880162, 1, None], ['cell_cycle', 0.27469978060010575, 1, (0.5000000001, 5, False)], ['cell_direction_remember', 0.5292090053865316, 1, (0, 1, False)], ['cell_vision_scale', 0.5581866732269702, 1, (1.01, 20, False)], ['cell_vision_nconsidered', 0.3463385314323137, 1, (1, 100, False)]]"
81,#1F0BA4,6.25,"(307.76510963806976, 155.85917111908927)",9.990314838974381,0.9996033781879128,-0.0037161826870489544,0.08863321394437018,3.1694164069984723,0.8455129978993656,0.6554273249793456,2.311899577409811,1.1399935238898555,0.00011205997673518537,"[['cell_mutational_rate', 0.3968764554052633, 1, (1e-10, 1, False)], ['cell_direction_pause', 0.3701155327404269, 1, (0, 1, False)], ['cell_direction_angle', 0.5956474781880162, 1, None], ['cell_cycle', 0.27469978060010575, 1, (0.5000000001, 5, False)], ['cell_direction_remember', 0.5292090053865316, 1, (0, 1, False)], ['cell_vision_scale', 0.5581866732269702, 1, (1.01, 20, False)], ['cell_vision_nconsidered', 0.3463385314323137, 1, (1, 100, False)]]"
82,#9DE4F3,6.25,"(147.7468474784872, 349.4280158870666)",16.0,-1.7229925983016483,0.055824814957541206,0.0,5.841096601461299,1.41745566714144,0.9460693097968841,2.730674945552506,1.773775535938229,0.9983777863413609,"[['cell_mutational_rate', 0.9940801436450801, 1, (1e-10, 1, False)], ['cell_direction_pause', 1, 1, (0, 1, False)], ['cell_direction_angle', 0.9522537383018754, 1, None], ['cell_cycle', 1, 1, (0.5000000001, 5, False)], ['cell_direction_remember', 1, 1, (0, 1, False)], ['cell_vision_scale', 1, 1, (1.01, 20, False)], ['cell_vision_nconsidered', 1, 1, (1, 100, False)]]"
83,#1F0BA4,6.25,"(354.89149745518597, 234.18114872723376)",15.028166668054874,0.5491929240588471,0.00421362719350653,0.08863321394437018,3.1694164069984723,0.8455129978993656,0.6554273249793456,2.311899577409811,1.1399935238898555,8.329247196352376e-08,"[['cell_mutational_rate', 0.3968764554052633, 1, (1e-10, 1, False)], ['cell_direction_pause', 0.3701155327404269, 1, (0, 1, False)], ['cell_direction_angle', 0.5956474781880162, 1, None], ['cell_cycle', 0.27469978060010575, 1, (0.5000000001, 5, False)], ['cell_direction_remember', 0.5292090053865316, 1, (0, 1, False)], ['cell_vision_scale', 0.5581866732269702, 1, (1.01, 20, False)], ['cell_vision_nconsidered', 0.3463385314323137, 1, (1, 100, False)]]"
84,#16074A,6.25,"(166.32281156675603, 360.0540436724792)",15.020168165237674,1.0891616017336736,0.005405490082605735,0.0,4.067911424801018,0.5000000001,0.9024005845144774,3.6499598283422143,2.5488888874706626,0.07231213648269992,"[['cell_mutational_rate', 1, 1, (1e-10, 1, False)], ['cell_direction_pause', 1, 1, (0, 1, False)], ['cell_direction_angle', 1, 1, None], ['cell_cycle', 1, 1, (0.5000000001, 5, False)], ['cell_direction_remember', 1, 1, (0, 1, False)], ['cell_vision_scale', 1, 1, (1.01, 20, False)], ['cell_vision_nconsidered', 1, 1, (1, 100, False)]]"
85,#16074A,6.25,"(212.69208387101398, 355.5962819265606)",16.0,-1.724074074074074,0.055851851851851854,0.0,4.857647712485303,0.6450936979611823,0.23294265365480804,4.302149342771434,1.0,1.0,"[['cell_mutational_rate', 1, 1, (1e-10, 1, False)], ['cell_direction_pause', 1, 1, (0, 1, False)], ['cell_direction_angle', 1, 1, None], ['cell_cycle', 1, 1, (0.5000000001, 5, False)], ['cell_direction_remember', 1, 1, (0, 1, False)], ['cell_vision_scale', 1, 1, (1.01, 20, False)], ['cell_vision_nconsidered', 1, 1, (1, 100, False)]]"
86,#16074A,6.25,"(279.4207951409007, 363.8822897428128)",14.035629629629629,0.9643703703703703,0.019243271794035458,1.0,2.692818052741994,0.5000000001,0.12308044964029774,3.7217293782147656,1.1040738698706245,1.0,"[['cell_mutational_rate', 1, 1, (1e-10, 1, False)], ['cell_direction_pause', 1, 1, (0, 1, False)], ['cell_direction_angle', 1, 1, None], ['cell_cycle', 1, 1, (0.5000000001, 5, False)], ['cell_direction_remember', 1, 1, (0, 1, False)], ['cell_vision_scale', 1, 1, (1.01, 20, False)], ['cell_vision_nconsidered', 1, 1, (1, 100, False)]]"
87,#16074A,6.25,"(238.9182815314539, 401.7736324695021)",29.02140740740907,0.7606117157251853,0.031176417267432633,0.5537833834537074,5.183652883307007,2.0148751646558827,0.2994434445521521,2.561956403826729,2.8396388435019393,1e-10,"[['cell_mutational_rate', 1, 1, (1e-10, 1, False)], ['cell_direction_pause', 1, 1, (0, 1, False)], ['cell_direction_angle', 1, 1, None], ['cell_cycle', 1, 1, (0.5000000001, 5, False)], ['cell_direction_remember', 1, 1, (0, 1, False)], ['cell_vision_scale', 1, 1, (1.01, 20, False)], ['cell_vision_nconsidered', 1, 1, (1, 100, False)]]"
88,#1F0BA4,6.25,"(203.21228851311196, 263.1715615335773)",15.0,-0.963664450973191,0.03750018782842089,0.08863321394437018,3.1694164069984723,0.8455129978993656,0.6554273249793456,2.311899577409811,1.1399935238898555,1.1269705253396022e-05,"[['cell_mutational_rate', 0.3968764554052633, 1, (1e-10, 1, False)], ['cell_direction_pause', 0.3701155327404269, 1, (0, 1, False)], ['cell_direction_angle', 0.5956474781880162, 1, None], ['cell_cycle', 0.27469978060010575, 1, (0.5000000001, 5, False)], ['cell_direction_remember', 0.5292090053865316, 1, (0, 1, False)], ['cell_vision_scale', 0.5581866732269702, 1, (1.01, 20, False)], ['cell_vision_nconsidered', 0.3463385314323137, 1, (1, 100, False)]]"
89,#1F0BA4,6.25,"(179.82248223637112, 211.74856315597978)",15.0,-0.8740413037119922,0.037500386455263275,0.08863321394437018,3.1694164069984723,0.8455129978993656,0.6554273249793456,2.311899577409811,1.1399935238898555,2.318731579620061e-05,"[['cell_mutational_rate', 0.3968764554052633, 1, (1e-10, 1, False)], ['cell_direction_pause', 0.3701155327404269, 1, (0, 1, False)], ['cell_direction_angle', 0.5956474781880162, 1, None], ['cell_cycle', 0.27469978060010575, 1, (0.5000000001, 5, False)], ['cell_direction_remember', 0.5292090053865316, 1, (0, 1, False)], ['cell_vision_scale', 0.5581866732269702, 1, (1.01, 20, False)], ['cell_vision_nconsidered', 0.3463385314323137, 1, (1, 100, False)]]"
90,#16074A,6.25,"(279.4207951409007, 363.8822897428128)",14.0,0.0,0.052518518518518534,1.0,4.168486523213449,0.6491062941643022,0.1594243191993232,3.603283498550751,1.0,1.0,"[['cell_mutational_rate', 1, 1, (1e-10, 1, False)], ['cell_direction_pause', 1, 1, (0, 1, False)], ['cell_direction_angle', 1, 1, None], ['cell_cycle', 1, 1, (0.5000000001, 5, False)], ['cell_direction_remember', 1, 1, (0, 1, False)], ['cell_vision_scale', 1, 1, (1.01, 20, False)], ['cell_vision_nconsidered', 1, 1, (1, 100, False)]]"
91,#1F0BA4,6.25,"(358.6177272749606, 292.036757406355)",11.002785719801441,1.2874039983257193,-0.0021994730593738964,0.08863321394437018,3.1694164069984723,0.8455129978993656,0.6554273249793456,2.311899577409811,1.1399935238898555,2.001095168386503e-08,"[['cell_mutational_rate', 0.3968764554052633, 1, (1e-10, 1, False)], ['cell_direction_pause', 0.3701155327404269, 1, (0, 1, False)], ['cell_direction_angle', 0.5956474781880162, 1, None], ['cell_cycle', 0.27469978060010575, 1, (0.5000000001, 5, False)], ['cell_direction_remember', 0.5292090053865316, 1, (0, 1, False)], ['cell_vision_scale', 0.5581866732269702, 1, (1.01, 20, False)], ['cell_vision_nconsidered', 0.3463385314323137, 1, (1, 100, False)]]"
92,#9DE4F3,6.25,"(191.3003014431238, 296.45910160993884)",12.037570319100613,0.3840075747733957,0.014276936106785335,0.0,5.130169385319001,0.5545123762797479,0.0,1.3084566639640278,1.0,0.8931080349256437,"[['cell_mutational_rate', 1, 1, (1e-10, 1, False)], ['cell_direction_pause', 1, 1, (0, 1, False)], ['cell_direction_angle', 0.9217006118109456, 1, None], ['cell_cycle', 1, 1, (0.5000000001, 5, False)], ['cell_direction_remember', 1, 1, (0, 1, False)], ['cell_vision_scale', 1, 1, (1.01, 20, False)], ['cell_vision_nconsidered', 0.864863805806702, 1, (1, 100, False)]]"
93,#1F0BA4,6.25,"(357.6189691086525, 289.96850085457805)",13.0,-0.72504631142653,0.03424074124508187,0.08863321394437018,3.1694164069984723,0.8455129978993656,0.6554273249793456,2.311899577409811,1.1399935238898555,3.0260467139288316e-08,"[['cell_mutational_rate', 0.3968764554052633, 1, (1e-10, 1, False)], ['cell_direction_pause', 0.3701155327404269, 1, (0, 1, False)], ['cell_direction_angle', 0.5956474781880162, 1, None], ['cell_cycle', 0.27469978060010575, 1, (0.5000000001, 5, False)], ['cell_direction_remember', 0.5292090053865316, 1, (0, 1, False)], ['cell_vision_scale', 0.5581866732269702, 1, (1.01, 20, False)], ['cell_vision_nconsidered', 0.3463385314323137, 1, (1, 100, False)]]"
94,#16074A,6.25,"(330.2438404232506, 325.99229128027014)",13.0,-0.6436574074074075,0.050907407407407415,0.38210727653604093,3.1489678119460853,1.2180636452891584,0.0,2.5884834428524686,2.3144211688550484,1.0,"[['cell_mutational_rate', 1, 1, (1e-10, 1, False)], ['cell_direction_pause', 1, 1, (0, 1, False)], ['cell_direction_angle', 1, 1, None], ['cell_cycle', 1, 1, (0.5000000001, 5, False)], ['cell_direction_remember', 1, 1, (0, 1, False)], ['cell_vision_scale', 1, 1, (1.01, 20, False)], ['cell_vision_nconsidered', 1, 1, (1, 100, False)]]"
95,#16074A,6.25,"(168.5113430539402, 363.6384961206908)",13.0,-0.8448834581968855,0.035977895579847194,0.0,4.067911424801018,0.5000000001,0.9024005845144774,3.300238727243933,2.5488888874706626,0.10422929034638714,"[['cell_mutational_rate', 1, 1, (1e-10, 1, False)], ['cell_direction_pause', 1, 1, (0, 1, False)], ['cell_direction_angle', 1, 1, None], ['cell_cycle', 1, 1, (0.5000000001, 5, False)], ['cell_direction_remember', 1, 1, (0, 1, False)], ['cell_vision_scale', 1, 1, (1.01, 20, False)], ['cell_vision_nconsidered', 1, 1, (1, 100, False)]]"
96,#1F0BA4,6.25,"(307.3381543153306, 187.0238605593532)",13.0,-0.788426538461476,0.03424075958798844,0.08863321394437018,3.1694164069984723,0.8455129978993656,0.6554273249793456,2.311899577409811,1.1399935238898555,1.1308348617697905e-06,"[['cell_mutational_rate', 0.3968764554052633, 1, (1e-10, 1, False)], ['cell_direction_pause', 0.3701155327404269, 1, (0, 1, False)], ['cell_direction_angle', 0.5956474781880162, 1, None], ['cell_cycle', 0.27469978060010575, 1, (0.5000000001, 5, False)], ['cell_direction_remember', 0.5292090053865316, 1, (0, 1, False)], ['cell_vision_scale', 0.5581866732269702, 1, (1.01, 20, False)], ['cell_vision_nconsidered', 0.3463385314323137, 1, (1, 100, False)]]"
97,#6B5B77,6.25,"(304.9801286998235, 203.97392589941515)",13.0,-0.788426297852904,0.034240752184647755,0.0004885934422240723,2.587654374751426,0.6014583468288714,0.9286413540628824,1.7951601945676652,2.2504743639265605,6.866344207373593e-07,"[['cell_mutational_rate', 1, 1, (1e-10, 1, False)], ['cell_direction_pause', 1, 1, (0, 1, False)], ['cell_direction_angle', 0.9812889850086363, 1, None], ['cell_cycle', 1, 1, (0.5000000001, 5, False)], ['cell_direction_remember', 0.8009777830471396, 1, (0, 1, False)], ['cell_vision_scale', 1, 1, (1.01, 20, False)], ['cell_vision_nconsidered', 0.7251176718168842, 1, (1, 100, False)]]"
98,#9DE4F3,6.25,"(165.6433903388456, 393.84157892110073)",12.0,-1.2067592592592593,0.04933333333333334,0.0,5.744057215489224,1.1012461294723854,0.0,1.923983266679795,1.0707350800441024,1.0,"[['cell_mutational_rate', 0.8049024565193875, 1, (1e-10, 1, False)], ['cell_direction_pause', 1, 1, (0, 1, False)], ['cell_direction_angle', 0.7217285911210134, 1, None], ['cell_cycle', 1, 1, (0.5000000001, 5, False)], ['cell_direction_remember', 1, 1, (0, 1, False)], ['cell_vision_scale', 1, 1, (1.01, 20, False)], ['cell_vision_nconsidered', 0.9316004064162607, 1, (1, 100, False)]]"
99,#9DE4F3,6.25,"(146.8444564860738, 219.21805876943716)",7.0552788166279194,0.681066965763303,0.021540106407568902,0.0,5.18004465691596,0.5000000001,0.3724070539299438,3.61979638142535,1.583553234255602,1.7667467309229852,"[['cell_mutational_rate', 1, 1, (1e-10, 1, False)], ['cell_direction_pause', 1, 1, (0, 1, False)], ['cell_direction_angle', 1, 1, None], ['cell_cycle', 1, 1, (0.5000000001, 5, False)], ['cell_direction_remember', 1, 1, (0, 1, False)], ['cell_vision_scale', 1, 1, (1.01, 20, False)], ['cell_vision_nconsidered', 1, 1, (1, 100, False)]]"
100,#1F0BA4,6.25,"(335.998390038067, 291.9287310390296)",12.0,-0.7067593032363322,0.0326666681325691,0.08863321394437018,3.1694164069984723,0.8455129978993656,0.6554273249793456,2.311899577409811,1.1399935238898555,8.795414571952077e-08,"[['cell_mutational_rate', 0.3968764554052633, 1, (1e-10, 1, False)], ['cell_direction_pause', 0.3701155327404269, 1, (0, 1, False)], ['cell_direction_angle', 0.5956474781880162, 1, None], ['cell_cycle', 0.27469978060010575, 1, (0.5000000001, 5, False)], ['cell_direction_remember', 0.5292090053865316, 1, (0, 1, False)], ['cell_vision_scale', 0.5581866732269702, 1, (1.01, 20, False)], ['cell_vision_nconsidered', 0.3463385314323137, 1, (1, 100, False)]]"
101,#16074A,6.25,"(213.54200864977219, 394.4199771324826)",12.0,-0.8629686393974696,0.03787364600460701,0.0,5.211280531437829,0.5544234237810393,0.9095019655967758,3.3871697330274877,1.0,0.3124187602764207,"[['cell_mutational_rate', 1, 1, (1e-10, 1, False)], ['cell_direction_pause', 1, 1, (0, 1, False)], ['cell_direction_angle', 1, 1, None], ['cell_cycle', 1, 1, (0.5000000001, 5, False)], ['cell_direction_remember', 1, 1, (0, 1, False)], ['cell_vision_scale', 1, 1, (1.01, 20, False)], ['cell_vision_nconsidered', 1, 1, (1, 100, False)]]"
102,#1F0BA4,6.25,"(358.79245563306085, 294.38092638349224)",8.999748427429289,1.275698626852468,-0.00516702974637035,0.08863321394437018,3.1694164069984723,0.8455129978993656,0.6554273249793456,2.311899577409811,1.1399935238898555,1.8103586745496453e-08,"[['cell_mutational_rate', 0.3968764554052633, 1, (1e-10, 1, False)], ['cell_direction_pause', 0.3701155327404269, 1, (0, 1, False)], ['cell_direction_angle', 0.5956474781880162, 1, None], ['cell_cycle', 0.27469978060010575, 1, (0.5000000001, 5, False)], ['cell_direction_remember', 0.5292090053865316, 1, (0, 1, False)], ['cell_vision_scale', 0.5581866732269702, 1, (1.01, 20, False)], ['cell_vision_nconsidered', 0.3463385314323137, 1, (1, 100, False)]]"
103,#9DE4F3,6.25,"(132.36463352593577, 237.30487288570882)",11.0,0.0,0.0372235117236263,0.9157852733121885,5.350515257528501,1.199861503637686,0.25184374361795026,4.359424382831855,2.5726236764900476,0.3656329256397997,"[['cell_mutational_rate', 1, 1, (1e-10, 1, False)], ['cell_direction_pause', 1, 1, (0, 1, False)], ['cell_direction_angle', 1, 1, None], ['cell_cycle', 1, 1, (0.5000000001, 5, False)], ['cell_direction_remember', 1, 1, (0, 1, False)], ['cell_vision_scale', 1, 1, (1.01, 20, False)], ['cell_vision_nconsidered', 1, 1, (1, 100, False)]]"
104,#1F0BA4,6.25,"(279.03710704806554, 135.0490088737106)",11.0,-0.5844447210148627,0.03112964069244636,0.08863321394437018,3.1694164069984723,0.8455129978993656,0.6554273249793456,2.311899577409811,1.1399935238898555,6.637690037830534e-07,"[['cell_mutational_rate', 0.3968764554052633, 1, (1e-10, 1, False)], ['cell_direction_pause', 0.3701155327404269, 1, (0, 1, False)], ['cell_direction_angle', 0.5956474781880162, 1, None], ['cell_cycle', 0.27469978060010575, 1, (0.5000000001, 5, False)], ['cell_direction_remember', 0.5292090053865316, 1, (0, 1, False)], ['cell_vision_scale', 0.5581866732269702, 1, (1.01, 20, False)], ['cell_vision_nconsidered', 0.3463385314323137, 1, (1, 100, False)]]"
105,#16074A,6.25,"(323.1159480979325, 316.55155538207924)",9.054905361661032,0.7092193973328764,0.0007005784156851269,0.0,4.476518384743865,0.750611459087996,1.0,2.2769830231960704,1.8689504359827909,0.34727289070966383,"[['cell_mutational_rate', 1, 1, (1e-10, 1, False)], ['cell_direction_pause', 1, 1, (0, 1, False)], ['cell_direction_angle', 1, 1, None], ['cell_cycle', 1, 1, (0.5000000001, 5, False)], ['cell_direction_remember', 1, 1, (0, 1, False)], ['cell_vision_scale', 1, 1, (1.01, 20, False)], ['cell_vision_nconsidered', 1, 1, (1, 100, False)]]"
106,#9DE4F3,6.25,"(147.61695044013803, 215.34180715708425)",11.0,-1.0872685185185185,0.047796296296296295,0.0,5.009737264219318,1.3782814538815338,0.9157607380645159,4.2625995908687715,1.0,1.0,"[['cell_mutational_rate', 1, 1, (1e-10, 1, False)], ['cell_direction_pause', 1, 1, (0, 1, False)], ['cell_direction_angle', 1, 1, None], ['cell_cycle', 1, 1, (0.5000000001, 5, False)], ['cell_direction_remember', 1, 1, (0, 1, False)], ['cell_vision_scale', 1, 1, (1.01, 20, False)], ['cell_vision_nconsidered', 1, 1, (1, 100, False)]]"
107,#16074A,6.25,"(322.3346508529255, 344.6083081223085)",10.0,-0.1968518518518519,0.0462962962962963,0.8005957497305849,5.198136576051332,0.7180139083255281,1.0,2.139080721666098,2.246327360809009,1.0,"[['cell_mutational_rate', 1, 1, (1e-10, 1, False)], ['cell_direction_pause', 1, 1, (0, 1, False)], ['cell_direction_angle', 1, 1, None], ['cell_cycle', 1, 1, (0.5000000001, 5, False)], ['cell_direction_remember', 1, 1, (0, 1, False)], ['cell_vision_scale', 1, 1, (1.01, 20, False)], ['cell_vision_nconsidered', 1, 1, (1, 100, False)]]"
108,#9DE4F3,6.25,"(128.5588959757273, 269.0013578105754)",10.0,-0.15984418659058872,0.04256142991071033,0.8598906342769905,4.9393429524980075,0.8891124434889683,0.0,2.101840750035578,1.3375140557728389,0.7759080168648425,"[['cell_mutational_rate', 1, 1, (1e-10, 1, False)], ['cell_direction_pause', 1, 1, (0, 1, False)], ['cell_direction_angle', 0.6989203912785797, 1, None], ['cell_cycle', 1, 1, (0.5000000001, 5, False)], ['cell_direction_remember', 0.8197341430966057, 1, (0, 1, False)], ['cell_vision_scale', 1, 1, (1.01, 20, False)], ['cell_vision_nconsidered', 0.7023816543053023, 1, (1, 100, False)]]"
109,#16074A,6.25,"(266.576942758888, 367.4189814044225)",8.044645169337631,0.4619389166359713,0.015198885622188555,0.0,4.173427846894626,0.5000000001,0.24110921302284805,2.3827474018987447,2.439099991709605,1.3037164417081968,"[['cell_mutational_rate', 1, 1, (1e-10, 1, False)], ['cell_direction_pause', 1, 1, (0, 1, False)], ['cell_direction_angle', 1, 1, None], ['cell_cycle', 1, 1, (0.5000000001, 5, False)], ['cell_direction_remember', 1, 1, (0, 1, False)], ['cell_vision_scale', 1, 1, (1.01, 20, False)], ['cell_vision_nconsidered', 1, 1, (1, 100, False)]]"
110,#1F0BA4,6.25,"(414.56126461941847, 312.0728451945535)",10.0,-0.5548611668612161,0.029629631859633826,0.08863321394437018,3.1694164069984723,0.8455129978993656,0.6554273249793456,2.311899577409811,1.1399935238898555,1.3380025181245627e-07,"[['cell_mutational_rate', 0.3968764554052633, 1, (1e-10, 1, False)], ['cell_direction_pause', 0.3701155327404269, 1, (0, 1, False)], ['cell_direction_angle', 0.5956474781880162, 1, None], ['cell_cycle', 0.27469978060010575, 1, (0.5000000001, 5, False)], ['cell_direction_remember', 0.5292090053865316, 1, (0, 1, False)], ['cell_vision_scale', 0.5581866732269702, 1, (1.01, 20, False)], ['cell_vision_nconsidered', 0.3463385314323137, 1, (1, 100, False)]]"
111,#1F0BA4,6.25,"(300.02338347880385, 195.27821075907693)",10.0,-0.4474583914461046,0.02962986401674967,0.08863321394437018,3.1694164069984723,0.8455129978993656,0.6554273249793456,2.311899577409811,1.1399935238898555,1.4063227202585034e-05,"[['cell_mutational_rate', 0.3968764554052633, 1, (1e-10, 1, False)], ['cell_direction_pause', 0.3701155327404269, 1, (0, 1, False)], ['cell_direction_angle', 0.5956474781880162, 1, None], ['cell_cycle', 0.27469978060010575, 1, (0.5000000001, 5, False)], ['cell_direction_remember', 0.5292090053865316, 1, (0, 1, False)], ['cell_vision_scale', 0.5581866732269702, 1, (1.01, 20, False)], ['cell_vision_nconsidered', 0.3463385314323137, 1, (1, 100, False)]]"
112,#9DE4F3,6.25,"(141.13141005592888, 213.36756621381056)",10.0,-0.7457296211107463,0.03726437002961503,0.0,6.064227310826573,0.5000000001,0.3881755635917512,3.7652587226730123,1.0,0.45808442399912397,"[['cell_mutational_rate', 1, 1, (1e-10, 1, False)], ['cell_direction_pause', 1, 1, (0, 1, False)], ['cell_direction_angle', 1, 1, None], ['cell_cycle', 1, 1, (0.5000000001, 5, False)], ['cell_direction_remember', 1, 1, (0, 1, False)], ['cell_vision_scale', 1, 1, (1.01, 20, False)], ['cell_vision_nconsidered', 1, 1, (1, 100, False)]]"
113,#1F0BA4,6.25,"(357.53671178413254, 297.11678222800634)",7.004101510563277,0.8911127056150895,-0.007975860271920952,0.08863321394437018,3.1694164069984723,0.8455129978993656,0.6554273249793456,2.311899577409811,1.1399935238898555,1.856910810482671e-08,"[['cell_mutational_rate', 0.3968764554052633, 1, (1e-10, 1, False)], ['cell_direction_pause', 0.3701155327404269, 1, (0, 1, False)], ['cell_direction_angle', 0.5956474781880162, 1, None], ['cell_cycle', 0.27469978060010575, 1, (0.5000000001, 5, False)], ['cell_direction_remember', 0.5292090053865316, 1, (0, 1, False)], ['cell_vision_scale', 0.5581866732269702, 1, (1.01, 20, False)], ['cell_vision_nconsidered', 0.3463385314323137, 1, (1, 100, False)]]"
114,#1B1C38,6.25,"(143.79838155568558, 297.26367554153376)",9.0,0.0,0.04483333333333334,1.0,2.703865948171762,0.5000000001,0.6697630356713302,3.920500504038211,1.5937787563613366,1.0,"[['cell_mutational_rate', 1, 1, (1e-10, 1, False)], ['cell_direction_pause', 1, 1, (0, 1, False)], ['cell_direction_angle', 1, 1, None], ['cell_cycle', 1, 1, (0.5000000001, 5, False)], ['cell_direction_remember', 1, 1, (0, 1, False)], ['cell_vision_scale', 1, 1, (1.01, 20, False)], ['cell_vision_nconsidered', 1, 1, (1, 100, False)]]"
115,#1F0BA4,6.25,"(377.51733850866384, 218.0702030375831)",9.0,-0.4340278018898954,0.028166667872272552,0.08863321394437018,3.1694164069984723,0.8455129978993656,0.6554273249793456,2.311899577409811,1.1399935238898555,7.233635288542963e-08,"[['cell_mutational_rate', 0.3968764554052633, 1, (1e-10, 1, False)], ['cell_direction_pause', 0.3701155327404269, 1, (0, 1, False)], ['cell_direction_angle', 0.5956474781880162, 1, None], ['cell_cycle', 0.27469978060010575, 1, (0.5000000001, 5, False)], ['cell_direction_remember', 0.5292090053865316, 1, (0, 1, False)], ['cell_vision_scale', 0.5581866732269702, 1, (1.01, 20, False)], ['cell_vision_nconsidered', 0.3463385314323137, 1, (1, 100, False)]]"
116,#1F0BA4,6.25,"(289.06660078262473, 183.33517906818733)",9.0,-0.442788343288738,0.028167194942214674,0.08863321394437018,3.1694164069984723,0.8455129978993656,0.6554273249793456,2.311899577409811,1.1399935238898555,3.1696532880369445e-05,"[['cell_mutational_rate', 0.3968764554052633, 1, (1e-10, 1, False)], ['cell_direction_pause', 0.3701155327404269, 1, (0, 1, False)], ['cell_direction_angle', 0.5956474781880162, 1, None], ['cell_cycle', 0.27469978060010575, 1, (0.5000000001, 5, False)], ['cell_direction_remember', 0.5292090053865316, 1, (0, 1, False)], ['cell_vision_scale', 0.5581866732269702, 1, (1.01, 20, False)], ['cell_vision_nconsidered', 0.3463385314323137, 1, (1, 100, False)]]"
117,#1F0BA4,6.25,"(405.6019109820276, 290.0138527085715)",9.0,-0.42444453618195965,0.028166671253542427,0.08863321394437018,3.1694164069984723,0.8455129978993656,0.6554273249793456,2.311899577409811,1.1399935238898555,2.7521254540109287e-07,"[['cell_mutational_rate', 0.3968764554052633, 1, (1e-10, 1, False)], ['cell_direction_pause', 0.3701155327404269, 1, (0, 1, False)], ['cell_direction_angle', 0.5956474781880162, 1, None], ['cell_cycle', 0.27469978060010575, 1, (0.5000000001, 5, False)], ['cell_direction_remember', 0.5292090053865316, 1, (0, 1, False)], ['cell_vision_scale', 0.5581866732269702, 1, (1.01, 20, False)], ['cell_vision_nconsidered', 0.3463385314323137, 1, (1, 100, False)]]"
118,#16074A,6.25,"(193.05479989162666, 332.966567255886)",9.0,-0.512621812239676,0.029418994124232517,0.0,4.816832522103243,0.5000000001,1.0,4.1121802368858535,1.4108499546184259,0.07513964745395063,"[['cell_mutational_rate', 1, 1, (1e-10, 1, False)], ['cell_direction_pause', 1, 1, (0, 1, False)], ['cell_direction_angle', 1, 1, None], ['cell_cycle', 1, 1, (0.5000000001, 5, False)], ['cell_direction_remember', 1, 1, (0, 1, False)], ['cell_vision_scale', 1, 1, (1.01, 20, False)], ['cell_vision_nconsidered', 1, 1, (1, 100, False)]]"
119,#1F0BA4,6.25,"(283.81051017018564, 192.3687099451269)",9.0,-0.48445162804027686,0.028166985937592554,0.08863321394437018,3.1694164069984723,0.8455129978993656,0.6554273249793456,2.311899577409811,1.1399935238898555,1.9156255552930452e-05,"[['cell_mutational_rate', 0.3968764554052633, 1, (1e-10, 1, False)], ['cell_direction_pause', 0.3701155327404269, 1, (0, 1, False)], ['cell_direction_angle', 0.5956474781880162, 1, None], ['cell_cycle', 0.27469978060010575, 1, (0.5000000001, 5, False)], ['cell_direction_remember', 0.5292090053865316, 1, (0, 1, False)], ['cell_vision_scale', 0.5581866732269702, 1, (1.01, 20, False)], ['cell_vision_nconsidered', 0.3463385314323137, 1, (1, 100, False)]]"
120,#1F0BA4,6.25,"(165.8950323027241, 166.9354075804006)",6.013457092058,0.9149547728412291,-0.009314075579431457,0.08863321394437018,3.1694164069984723,0.8455129978993656,0.6554273249793456,2.311899577409811,1.1399935238898555,7.869665466521648e-05,"[['cell_mutational_rate', 0.3968764554052633, 1, (1e-10, 1, False)], ['cell_direction_pause', 0.3701155327404269, 1, (0, 1, False)], ['cell_direction_angle', 0.5956474781880162, 1, None], ['cell_cycle', 0.27469978060010575, 1, (0.5000000001, 5, False)], ['cell_direction_remember', 0.5292090053865316, 1, (0, 1, False)], ['cell_vision_scale', 0.5581866732269702, 1, (1.01, 20, False)], ['cell_vision_nconsidered', 0.3463385314323137, 1, (1, 100, False)]]"
121,#1F0BA4,6.25,"(302.07542518695755, 162.2517552239474)",8.0,-0.35421304520217894,0.02674074544012451,0.08863321394437018,3.1694164069984723,0.8455129978993656,0.6554273249793456,2.311899577409811,1.1399935238898555,2.819630261967803e-07,"[['cell_mutational_rate', 0.3968764554052633, 1, (1e-10, 1, False)], ['cell_direction_pause', 0.3701155327404269, 1, (0, 1, False)], ['cell_direction_angle', 0.5956474781880162, 1, None], ['cell_cycle', 0.27469978060010575, 1, (0.5000000001, 5, False)], ['cell_direction_remember', 0.5292090053865316, 1, (0, 1, False)], ['cell_vision_scale', 0.5581866732269702, 1, (1.01, 20, False)], ['cell_vision_nconsidered', 0.3463385314323137, 1, (1, 100, False)]]"
122,#1F0BA4,6.25,"(354.80497869184654, 206.00378166916212)",6.002279708651054,1.2034166093299397,-0.00933028825672763,0.08863321394437018,3.1694164069984723,0.8455129978993656,0.6554273249793456,2.311899577409811,1.1399935238898555,3.221297339413689e-07,"[['cell_mutational_rate', 0.3968764554052633, 1, (1e-10, 1, False)], ['cell_direction_pause', 0.3701155327404269, 1, (0, 1, False)], ['cell_direction_angle', 0.5956474781880162, 1, None], ['cell_cycle', 0.27469978060010575, 1, (0.5000000001, 5, False)], ['cell_direction_remember', 0.5292090053865316, 1, (0, 1, False)], ['cell_vision_scale', 0.5581866732269702, 1, (1.01, 20, False)], ['cell_vision_nconsidered', 0.3463385314323137, 1, (1, 100, False)]]"
123,#16074A,6.25,"(309.58171450499174, 342.5877455948686)",8.0,-0.3296866273813928,0.028448244294561983,0.1411030836527143,2.334171304339125,0.6254037477805048,1.0,2.6186110014560255,2.231862513968944,0.10245021322927461,"[['cell_mutational_rate', 1, 1, (1e-10, 1, False)], ['cell_direction_pause', 1, 1, (0, 1, False)], ['cell_direction_angle', 1, 1, None], ['cell_cycle', 1, 1, (0.5000000001, 5, False)], ['cell_direction_remember', 1, 1, (0, 1, False)], ['cell_vision_scale', 1, 1, (1.01, 20, False)], ['cell_vision_nconsidered', 1, 1, (1, 100, False)]]"
124,#16074A,6.25,"(356.96890932952596, 302.07468668743513)",14.081333333333333,-0.022910446090534962,0.057494467226337456,0.0,1.7169082658820536,1.718709742836809,0.8994207219524348,3.7318295990664865,3.844678449444692,1.2905969797530863,"[['cell_mutational_rate', 1, 1, (1e-10, 1, False)], ['cell_direction_pause', 1, 1, (0, 1, False)], ['cell_direction_angle', 1, 1, None], ['cell_cycle', 1, 1, (0.5000000001, 5, False)], ['cell_direction_remember', 1, 1, (0, 1, False)], ['cell_vision_scale', 1, 1, (1.01, 20, False)], ['cell_vision_nconsidered', 1, 1, (1, 100, False)]]"
125,#1F0BA4,6.25,"(363.8591389301214, 200.80102840774595)",4.071185185641499,3.079875334013913,-0.01183619138943667,0.08863321394437018,3.1694164069984723,0.8455129978993656,0.6554273249793456,2.311899577409811,1.1399935238898555,5.573492248578661e-09,"[['cell_mutational_rate', 0.3968764554052633, 1, (1e-10, 1, False)], ['cell_direction_pause', 0.3701155327404269, 1, (0, 1, False)], ['cell_direction_angle', 0.5956474781880162, 1, None], ['cell_cycle', 0.27469978060010575, 1, (0.5000000001, 5, False)], ['cell_direction_remember', 0.5292090053865316, 1, (0, 1, False)], ['cell_vision_scale', 0.5581866732269702, 1, (1.01, 20, False)], ['cell_vision_nconsidered', 0.3463385314323137, 1, (1, 100, False)]]"
126,#1F0BA4,6.25,"(311.0559815624591, 174.1060371337651)",8.0,-0.3640816806978054,0.026741175404953955,0.08863321394437018,3.1694164069984723,0.8455129978993656,0.6554273249793456,2.311899577409811,1.1399935238898555,2.607985279281478e-05,"[['cell_mutational_rate', 0.3968764554052633, 1, (1e-10, 1, False)], ['cell_direction_pause', 0.3701155327404269, 1, (0, 1, False)], ['cell_direction_angle', 0.5956474781880162, 1, None], ['cell_cycle', 0.27469978060010575, 1, (0.5000000001, 5, False)], ['cell_direction_remember', 0.5292090053865316, 1, (0, 1, False)], ['cell_vision_scale', 0.5581866732269702, 1, (1.01, 20, False)], ['cell_vision_nconsidered', 0.3463385314323137, 1, (1, 100, False)]]"
127,#1F0BA4,6.25,"(324.0388942220467, 170.75852815430616)",7.018962963077041,1.0819803092376468,-0.00795548842552013,0.08863321394437018,3.1694164069984723,0.8455129978993656,0.6554273249793456,2.311899577409811,1.1399935238898555,6.8447150268240656e-09,"[['cell_mutational_rate', 0.3968764554052633, 1, (1e-10, 1, False)], ['cell_direction_pause', 0.3701155327404269, 1, (0, 1, False)], ['cell_direction_angle', 0.5956474781880162, 1, None], ['cell_cycle', 0.27469978060010575, 1, (0.5000000001, 5, False)], ['cell_direction_remember', 0.5292090053865316, 1, (0, 1, False)], ['cell_vision_scale', 0.5581866732269702, 1, (1.01, 20, False)], ['cell_vision_nconsidered', 0.3463385314323137, 1, (1, 100, False)]]"
128,#1F0BA4,6.25,"(373.8797210653058, 244.3346095116918)",7.0,-0.3542130169987708,0.025351854939612298,0.08863321394437018,3.1694164069984723,0.8455129978993656,0.6554273249793456,2.311899577409811,1.1399935238898555,1.852656264365197e-07,"[['cell_mutational_rate', 0.3968764554052633, 1, (1e-10, 1, False)], ['cell_direction_pause', 0.3701155327404269, 1, (0, 1, False)], ['cell_direction_angle', 0.5956474781880162, 1, None], ['cell_cycle', 0.27469978060010575, 1, (0.5000000001, 5, False)], ['cell_direction_remember', 0.5292090053865316, 1, (0, 1, False)], ['cell_vision_scale', 0.5581866732269702, 1, (1.01, 20, False)], ['cell_vision_nconsidered', 0.3463385314323137, 1, (1, 100, False)]]"
129,#1F0BA4,6.25,"(371.57145591397887, 253.489718367579)",7.0,-0.30972236375962314,0.02535186128767858,0.08863321394437018,3.1694164069984723,0.8455129978993656,0.6554273249793456,2.311899577409811,1.1399935238898555,5.661496034098581e-07,"[['cell_mutational_rate', 0.3968764554052633, 1, (1e-10, 1, False)], ['cell_direction_pause', 0.3701155327404269, 1, (0, 1, False)], ['cell_direction_angle', 0.5956474781880162, 1, None], ['cell_cycle', 0.27469978060010575, 1, (0.5000000001, 5, False)], ['cell_direction_remember', 0.5292090053865316, 1, (0, 1, False)], ['cell_vision_scale', 0.5581866732269702, 1, (1.01, 20, False)], ['cell_vision_nconsidered', 0.3463385314323137, 1, (1, 100, False)]]"
130,#1F0BA4,6.25,"(145.68270866358836, 205.60013987936134)",6.017796822559993,1.148870722225547,-0.009309072107576859,0.08863321394437018,3.1694164069984723,0.8455129978993656,0.6554273249793456,2.311899577409811,1.1399935238898555,3.157582181894622e-05,"[['cell_mutational_rate', 0.3968764554052633, 1, (1e-10, 1, False)], ['cell_direction_pause', 0.3701155327404269, 1, (0, 1, False)], ['cell_direction_angle', 0.5956474781880162, 1, None], ['cell_cycle', 0.27469978060010575, 1, (0.5000000001, 5, False)], ['cell_direction_remember', 0.5292090053865316, 1, (0, 1, False)], ['cell_vision_scale', 0.5581866732269702, 1, (1.01, 20, False)], ['cell_vision_nconsidered', 0.3463385314323137, 1, (1, 100, False)]]"
131,#16074A,6.25,"(322.3119348819707, 337.31371387705246)",7.0,-0.32764925112219234,0.0301193474971828,0.2756397409285454,4.476518384743865,0.750611459087996,1.0,1.7384173452709268,1.8689504359827909,0.2860497387198564,"[['cell_mutational_rate', 1, 1, (1e-10, 1, False)], ['cell_direction_pause', 1, 1, (0, 1, False)], ['cell_direction_angle', 1, 1, None], ['cell_cycle', 1, 1, (0.5000000001, 5, False)], ['cell_direction_remember', 1, 1, (0, 1, False)], ['cell_vision_scale', 1, 1, (1.01, 20, False)], ['cell_vision_nconsidered', 1, 1, (1, 100, False)]]"
132,#1F0BA4,6.25,"(365.95449168628386, 205.93540477894285)",7.0,-0.26513895598905185,0.02535185721986489,0.08863321394437018,3.1694164069984723,0.8455129978993656,0.6554273249793456,2.311899577409811,1.1399935238898555,3.2208078205849256e-07,"[['cell_mutational_rate', 0.3968764554052633, 1, (1e-10, 1, False)], ['cell_direction_pause', 0.3701155327404269, 1, (0, 1, False)], ['cell_direction_angle', 0.5956474781880162, 1, None], ['cell_cycle', 0.27469978060010575, 1, (0.5000000001, 5, False)], ['cell_direction_remember', 0.5292090053865316, 1, (0, 1, False)], ['cell_vision_scale', 0.5581866732269702, 1, (1.01, 20, False)], ['cell_vision_nconsidered', 0.3463385314323137, 1, (1, 100, False)]]"
133,#1F0BA4,6.25,"(363.4535684521174, 214.03660716453814)",6.0,-0.1993055775407846,0.0240000021985229,0.08863321394437018,3.1694164069984723,0.8455129978993656,0.6554273249793456,2.311899577409811,1.1399935238898555,1.3191137396490782e-07,"[['cell_mutational_rate', 0.3968764554052633, 1, (1e-10, 1, False)], ['cell_direction_pause', 0.3701155327404269, 1, (0, 1, False)], ['cell_direction_angle', 0.5956474781880162, 1, None], ['cell_cycle', 0.27469978060010575, 1, (0.5000000001, 5, False)], ['cell_direction_remember', 0.5292090053865316, 1, (0, 1, False)], ['cell_vision_scale', 0.5581866732269702, 1, (1.01, 20, False)], ['cell_vision_nconsidered', 0.3463385314323137, 1, (1, 100, False)]]"
134,#16074A,6.25,"(309.56746346246257, 351.0707041141345)",6.0,-0.35744907825931804,0.028215741019757004,0.1411030836527143,2.912452628585163,0.6254037477805048,0.5747431179959617,2.4790645489420617,2.3858850836891463,0.2529444611854202,"[['cell_mutational_rate', 1, 1, (1e-10, 1, False)], ['cell_direction_pause', 1, 1, (0, 1, False)], ['cell_direction_angle', 1, 1, None], ['cell_cycle', 1, 1, (0.5000000001, 5, False)], ['cell_direction_remember', 1, 1, (0, 1, False)], ['cell_vision_scale', 1, 1, (1.01, 20, False)], ['cell_vision_nconsidered', 1, 1, (1, 100, False)]]"
135,#16074A,6.25,"(329.62272785086446, 315.87814932196795)",11.0,-0.08542748432551019,0.04261543817464852,0.8137044443309487,0.8486511810751245,1.815766320505778,1.0,4.45500027775997,4.140165987046435,0.6891485127011332,"[['cell_mutational_rate', 1, 1, (1e-10, 1, False)], ['cell_direction_pause', 1, 1, (0, 1, False)], ['cell_direction_angle', 1, 1, None], ['cell_cycle', 1, 1, (0.5000000001, 5, False)], ['cell_direction_remember', 1, 1, (0, 1, False)], ['cell_vision_scale', 1, 1, (1.01, 20, False)], ['cell_vision_nconsidered', 1, 1, (1, 100, False)]]"
136,#16074A,6.25,"(185.83636299595904, 347.08922443939605)",5.0,-0.28638254472471547,0.026595788763162428,0.0,4.742646285161131,0.5000000001,1.0,2.9857324431136822,2.4987116067263266,0.23463621467863433,"[['cell_mutational_rate', 1, 1, (1e-10, 1, False)], ['cell_direction_pause', 1, 1, (0, 1, False)], ['cell_direction_angle', 1, 1, None], ['cell_cycle', 1, 1, (0.5000000001, 5, False)], ['cell_direction_remember', 1, 1, (0, 1, False)], ['cell_vision_scale', 1, 1, (1.01, 20, False)], ['cell_vision_nconsidered', 1, 1, (1, 100, False)]]"
137,#1F0BA4,6.25,"(358.7215593149921, 220.8311504346121)",5.0,-0.19300934171436304,0.022685193430695565,0.08863321394437018,3.1694164069984723,0.8455129978993656,0.6554273249793456,2.311899577409811,1.1399935238898555,4.947306224210306e-07,"[['cell_mutational_rate', 0.3968764554052633, 1, (1e-10, 1, False)], ['cell_direction_pause', 0.3701155327404269, 1, (0, 1, False)], ['cell_direction_angle', 0.5956474781880162, 1, None], ['cell_cycle', 0.27469978060010575, 1, (0.5000000001, 5, False)], ['cell_direction_remember', 0.5292090053865316, 1, (0, 1, False)], ['cell_vision_scale', 0.5581866732269702, 1, (1.01, 20, False)], ['cell_vision_nconsidered', 0.3463385314323137, 1, (1, 100, False)]]"
138,#1F0BA4,6.25,"(378.6512737593278, 218.52693501647025)",5.0,-0.23750007952528093,0.022685191547207665,0.08863321394437018,3.1694164069984723,0.8455129978993656,0.6554273249793456,2.311899577409811,1.1399935238898555,3.817213486317745e-07,"[['cell_mutational_rate', 0.3968764554052633, 1, (1e-10, 1, False)], ['cell_direction_pause', 0.3701155327404269, 1, (0, 1, False)], ['cell_direction_angle', 0.5956474781880162, 1, None], ['cell_cycle', 0.27469978060010575, 1, (0.5000000001, 5, False)], ['cell_direction_remember', 0.5292090053865316, 1, (0, 1, False)], ['cell_vision_scale', 0.5581866732269702, 1, (1.01, 20, False)], ['cell_vision_nconsidered', 0.3463385314323137, 1, (1, 100, False)]]"
139,#1F0BA4,6.25,"(356.85388077814724, 251.34687279799203)",5.0,-0.14259260758146486,0.022685187183701494,0.08863321394437018,3.1694164069984723,0.8455129978993656,0.6554273249793456,2.311899577409811,1.1399935238898555,1.1991097813453162e-07,"[['cell_mutational_rate', 0.3968764554052633, 1, (1e-10, 1, False)], ['cell_direction_pause', 0.3701155327404269, 1, (0, 1, False)], ['cell_direction_angle', 0.5956474781880162, 1, None], ['cell_cycle', 0.27469978060010575, 1, (0.5000000001, 5, False)], ['cell_direction_remember', 0.5292090053865316, 1, (0, 1, False)], ['cell_vision_scale', 0.5581866732269702, 1, (1.01, 20, False)], ['cell_vision_nconsidered', 0.3463385314323137, 1, (1, 100, False)]]"
140,#16074A,6.25,"(215.95005208380633, 362.088265619435)",10.0,0.0,0.0462962962962963,0.8526279375984995,4.46059637399773,1.7855742895072495,0.0,3.8018288815608843,1.9852978137402872,1.0,"[['cell_mutational_rate', 1, 1, (1e-10, 1, False)], ['cell_direction_pause', 1, 1, (0, 1, False)], ['cell_direction_angle', 1, 1, None], ['cell_cycle', 1, 1, (0.5000000001, 5, False)], ['cell_direction_remember', 1, 1, (0, 1, False)], ['cell_vision_scale', 1, 1, (1.01, 20, False)], ['cell_vision_nconsidered', 1, 1, (1, 100, False)]]"
141,#1F0BA4,6.25,"(150.50366774241164, 213.79724446645247)",5.0,-0.23751289923806002,0.022686217124229992,0.08863321394437018,3.1694164069984723,0.8455129978993656,0.6554273249793456,2.311899577409811,1.1399935238898555,6.191634268806635e-05,"[['cell_mutational_rate', 0.3968764554052633, 1, (1e-10, 1, False)], ['cell_direction_pause', 0.3701155327404269, 1, (0, 1, False)], ['cell_direction_angle', 0.5956474781880162, 1, None], ['cell_cycle', 0.27469978060010575, 1, (0.5000000001, 5, False)], ['cell_direction_remember', 0.5292090053865316, 1, (0, 1, False)], ['cell_vision_scale', 0.5581866732269702, 1, (1.01, 20, False)], ['cell_vision_nconsidered', 0.3463385314323137, 1, (1, 100, False)]]"
142,#16074A,6.25,"(339.7695853589707, 334.0861486689345)",9.040666666666667,0.5650235036831275,0.011558771366255147,0.5866149387547737,3.7286034819451723,2.075929135511619,0.5519462026379001,2.5380889063033,2.862622321397229,1.0,"[['cell_mutational_rate', 1, 1, (1e-10, 1, False)], ['cell_direction_pause', 1, 1, (0, 1, False)], ['cell_direction_angle', 1, 1, None], ['cell_cycle', 1, 1, (0.5000000001, 5, False)], ['cell_direction_remember', 1, 1, (0, 1, False)], ['cell_vision_scale', 1, 1, (1.01, 20, False)], ['cell_vision_nconsidered', 1, 1, (1, 100, False)]]"
143,#9DE4F3,6.25,"(145.42292866729773, 235.30013459417265)",5.0,-0.40210058539772725,0.03585323201700337,0.0,4.647019378801843,0.9218228805474222,0.0,2.802323533963712,1.1985676738049533,0.7900828099090906,"[['cell_mutational_rate', 1, 1, (1e-10, 1, False)], ['cell_direction_pause', 1, 1, (0, 1, False)], ['cell_direction_angle', 1, 1, None], ['cell_cycle', 1, 1, (0.5000000001, 5, False)], ['cell_direction_remember', 1, 1, (0, 1, False)], ['cell_vision_scale', 1, 1, (1.01, 20, False)], ['cell_vision_nconsidered', 1, 1, (1, 100, False)]]"
144,#1F0BA4,6.25,"(355.8325193785732, 299.3804635986739)",4.020166666833836,0.9149896977396446,-0.011900523165439648,0.08863321394437018,3.1694164069984723,0.8455129978993656,0.6554273249793456,2.311899577409811,1.1399935238898555,1.0030118652944366e-08,"[['cell_mutational_rate', 0.3968764554052633, 1, (1e-10, 1, False)], ['cell_direction_pause', 0.3701155327404269, 1, (0, 1, False)], ['cell_direction_angle', 0.5956474781880162, 1, None], ['cell_cycle', 0.27469978060010575, 1, (0.5000000001, 5, False)], ['cell_direction_remember', 0.5292090053865316, 1, (0, 1, False)], ['cell_vision_scale', 0.5581866732269702, 1, (1.01, 20, False)], ['cell_vision_nconsidered', 0.3463385314323137, 1, (1, 100, False)]]"
145,#1F0BA4,6.25,"(357.97218140608237, 288.5971900645583)",4.0,-0.18398152411731766,0.021407411670991028,0.08863321394437018,3.1694164069984723,0.8455129978993656,0.6554273249793456,2.311899577409811,1.1399935238898555,2.5581501715351736e-07,"[['cell_mutational_rate', 0.3968764554052633, 1, (1e-10, 1, False)], ['cell_direction_pause', 0.3701155327404269, 1, (0, 1, False)], ['cell_direction_angle', 0.5956474781880162, 1, None], ['cell_cycle', 0.27469978060010575, 1, (0.5000000001, 5, False)], ['cell_direction_remember', 0.5292090053865316, 1, (0, 1, False)], ['cell_vision_scale', 0.5581866732269702, 1, (1.01, 20, False)], ['cell_vision_nconsidered', 0.3463385314323137, 1, (1, 100, False)]]"
146,#9DE4F3,6.25,"(207.45036365802184, 353.27290344770864)",8.0,-0.10393518519351852,0.026740740742407405,0.5661854577014711,5.364346566785961,1.7673240622971582,0.021979575900836323,3.4503902540771128,1.0009594903004875,1e-10,"[['cell_mutational_rate', 1, 1, (1e-10, 1, False)], ['cell_direction_pause', 1, 1, (0, 1, False)], ['cell_direction_angle', 1, 1, None], ['cell_cycle', 1, 1, (0.5000000001, 5, False)], ['cell_direction_remember', 1, 1, (0, 1, False)], ['cell_vision_scale', 1, 1, (1.01, 20, False)], ['cell_vision_nconsidered', 0.8708851692738224, 1, (1, 100, False)]]"
147,#1F0BA4,6.25,"(193.63813277741755, 162.2828752766778)",4.0,-0.18398151273022306,0.021407410532281568,0.08863321394437018,3.1694164069984723,0.8455129978993656,0.6554273249793456,2.311899577409811,1.1399935238898555,1.8749244960964954e-07,"[['cell_mutational_rate', 0.3968764554052633, 1, (1e-10, 1, False)], ['cell_direction_pause', 0.3701155327404269, 1, (0, 1, False)], ['cell_direction_angle', 0.5956474781880162, 1, None], ['cell_cycle', 0.27469978060010575, 1, (0.5000000001, 5, False)], ['cell_direction_remember', 0.5292090053865316, 1, (0, 1, False)], ['cell_vision_scale', 0.5581866732269702, 1, (1.01, 20, False)], ['cell_vision_nconsidered', 0.3463385314323137, 1, (1, 100, False)]]"
148,#16074A,6.25,"(267.04406986338086, 351.929349438186)",2.0208831875605195,0.9725527421380591,-0.005105115041269445,0.0,3.9378528685947387,0.5872018118263156,0.21123019129814846,2.2983538676831636,2.1585274624596504,0.554429808511171,"[['cell_mutational_rate', 1, 1, (1e-10, 1, False)], ['cell_direction_pause', 1, 1, (0, 1, False)], ['cell_direction_angle', 1, 1, None], ['cell_cycle', 1, 1, (0.5000000001, 5, False)], ['cell_direction_remember', 1, 1, (0, 1, False)], ['cell_vision_scale', 1, 1, (1.01, 20, False)], ['cell_vision_nconsidered', 1, 1, (1, 100, False)]]"
149,#16074A,6.25,"(168.4213281937126, 337.7398816892086)",3.0,0.0,0.036833333333333336,0.5650809908006429,3.739952340380513,0.5000000001,0.7265648442175556,4.561199078833648,1.5636690226410646,1.0,"[['cell_mutational_rate', 1, 1, (1e-10, 1, False)], ['cell_direction_pause', 1, 1, (0, 1, False)], ['cell_direction_angle', 1, 1, None], ['cell_cycle', 1, 1, (0.5000000001, 5, False)], ['cell_direction_remember', 1, 1, (0, 1, False)], ['cell_vision_scale', 1, 1, (1.01, 20, False)], ['cell_vision_nconsidered', 1, 1, (1, 100, False)]]"
150,#1F0BA4,6.25,"(189.9243662699358, 170.1926731540892)",3.0,-0.13356488417261772,0.020166675914373725,0.08863321394437018,3.1694164069984723,0.8455129978993656,0.6554273249793456,2.311899577409811,1.1399935238898555,5.54862423069448e-07,"[['cell_mutational_rate', 0.3968764554052633, 1, (1e-10, 1, False)], ['cell_direction_pause', 0.3701155327404269, 1, (0, 1, False)], ['cell_direction_angle', 0.5956474781880162, 1, None], ['cell_cycle', 0.27469978060010575, 1, (0.5000000001, 5, False)], ['cell_direction_remember', 0.5292090053865316, 1, (0, 1, False)], ['cell_vision_scale', 0.5581866732269702, 1, (1.01, 20, False)], ['cell_vision_nconsidered', 0.3463385314323137, 1, (1, 100, False)]]"
151,#1B1C38,6.25,"(222.33912525512324, 381.1051478840812)",6.0,-0.5442129629629631,0.04066666666666667,0.0,0.7153739925658933,1.5684350817885675,0.0,1.052834701108083,1.0,1.0,"[['cell_mutational_rate', 1, 1, (1e-10, 1, False)], ['cell_direction_pause', 1, 1, (0, 1, False)], ['cell_direction_angle', 1, 1, None], ['cell_cycle', 1, 1, (0.5000000001, 5, False)], ['cell_direction_remember', 1, 1, (0, 1, False)], ['cell_vision_scale', 1, 1, (1.01, 20, False)], ['cell_vision_nconsidered', 1, 1, (1, 100, False)]]"
152,#9DE4F3,6.25,"(143.22722794736768, 219.1021403163028)",3.0,-0.25856481481481486,0.036833333333333336,0.0,5.061832556563168,0.5698054614085615,0.7941941664185304,4.495222421964187,1.0,1.0,"[['cell_mutational_rate', 1, 1, (1e-10, 1, False)], ['cell_direction_pause', 1, 1, (0, 1, False)], ['cell_direction_angle', 1, 1, None], ['cell_cycle', 1, 1, (0.5000000001, 5, False)], ['cell_direction_remember', 1, 1, (0, 1, False)], ['cell_vision_scale', 1, 1, (1.01, 20, False)], ['cell_vision_nconsidered', 1, 1, (1, 100, False)]]"
153,#1F0BA4,6.25,"(356.57274793731284, 289.67226489206286)",2.0,-0.08615748762435961,0.018962979006353402,0.08863321394437018,3.1694164069984723,0.8455129978993656,0.6554273249793456,2.311899577409811,1.1399935238898555,9.626034263955788e-07,"[['cell_mutational_rate', 0.3968764554052633, 1, (1e-10, 1, False)], ['cell_direction_pause', 0.3701155327404269, 1, (0, 1, False)], ['cell_direction_angle', 0.5956474781880162, 1, None], ['cell_cycle', 0.27469978060010575, 1, (0.5000000001, 5, False)], ['cell_direction_remember', 0.5292090053865316, 1, (0, 1, False)], ['cell_vision_scale', 0.5581866732269702, 1, (1.01, 20, False)], ['cell_vision_nconsidered', 0.3463385314323137, 1, (1, 100, False)]]"
154,#1F0BA4,6.25,"(280.9303784323425, 139.92148841079438)",2.0,-0.08615757393439577,0.018962996268360635,0.08863321394437018,3.1694164069984723,0.8455129978993656,0.6554273249793456,2.311899577409811,1.1399935238898555,1.9983238604900477e-06,"[['cell_mutational_rate', 0.3968764554052633, 1, (1e-10, 1, False)], ['cell_direction_pause', 0.3701155327404269, 1, (0, 1, False)], ['cell_direction_angle', 0.5956474781880162, 1, None], ['cell_cycle', 0.27469978060010575, 1, (0.5000000001, 5, False)], ['cell_direction_remember', 0.5292090053865316, 1, (0, 1, False)], ['cell_vision_scale', 0.5581866732269702, 1, (1.01, 20, False)], ['cell_vision_nconsidered', 0.3463385314323137, 1, (1, 100, False)]]"
155,#1F0BA4,6.25,"(300.3303787170786, 164.0168574463286)",2.0,-0.08616036464978447,0.018963554411438377,0.08863321394437018,3.1694164069984723,0.8455129978993656,0.6554273249793456,2.311899577409811,1.1399935238898555,3.5486908524646545e-05,"[['cell_mutational_rate', 0.3968764554052633, 1, (1e-10, 1, False)], ['cell_direction_pause', 0.3701155327404269, 1, (0, 1, False)], ['cell_direction_angle', 0.5956474781880162, 1, None], ['cell_cycle', 0.27469978060010575, 1, (0.5000000001, 5, False)], ['cell_direction_remember', 0.5292090053865316, 1, (0, 1, False)], ['cell_vision_scale', 0.5581866732269702, 1, (1.01, 20, False)], ['cell_vision_nconsidered', 0.3463385314323137, 1, (1, 100, False)]]"
156,#16074A,6.25,"(255.43992171238114, 366.6770681936551)",2.0,-0.10178711112906902,0.022088903707295285,0.0,4.7345760736292615,0.6720465382429885,0.2636653154196493,2.373990817081675,1.9360045388572482,0.18755644465993937,"[['cell_mutational_rate', 1, 1, (1e-10, 1, False)], ['cell_direction_pause', 1, 1, (0, 1, False)], ['cell_direction_angle', 1, 1, None], ['cell_cycle', 1, 1, (0.5000000001, 5, False)], ['cell_direction_remember', 1, 1, (0, 1, False)], ['cell_vision_scale', 1, 1, (1.01, 20, False)], ['cell_vision_nconsidered', 1, 1, (1, 100, False)]]"
157,#1F0BA4,6.25,"(353.80379228092994, 297.02358180662463)",2.0,-0.08615740848176376,0.018962963177834233,0.08863321394437018,3.1694164069984723,0.8455129978993656,0.6554273249793456,2.311899577409811,1.1399935238898555,1.289227613840893e-08,"[['cell_mutational_rate', 0.3968764554052633, 1, (1e-10, 1, False)], ['cell_direction_pause', 0.3701155327404269, 1, (0, 1, False)], ['cell_direction_angle', 0.5956474781880162, 1, None], ['cell_cycle', 0.27469978060010575, 1, (0.5000000001, 5, False)], ['cell_direction_remember', 0.5292090053865316, 1, (0, 1, False)], ['cell_vision_scale', 0.5581866732269702, 1, (1.01, 20, False)], ['cell_vision_nconsidered', 0.3463385314323137, 1, (1, 100, False)]]"
158,#1F0BA4,6.25,"(148.72032478603336, 215.69898635433904)",1.0,-0.04167196976504243,0.017798417535646604,0.08863321394437018,3.1694164069984723,0.8455129978993656,0.6554273249793456,2.311899577409811,1.1399935238898555,0.00012727436101833266,"[['cell_mutational_rate', 0.3968764554052633, 1, (1e-10, 1, False)], ['cell_direction_pause', 0.3701155327404269, 1, (0, 1, False)], ['cell_direction_angle', 0.5956474781880162, 1, None], ['cell_cycle', 0.27469978060010575, 1, (0.5000000001, 5, False)], ['cell_direction_remember', 0.5292090053865316, 1, (0, 1, False)], ['cell_vision_scale', 0.5581866732269702, 1, (1.01, 20, False)], ['cell_vision_nconsidered', 0.3463385314323137, 1, (1, 100, False)]]"
159,#1F0BA4,6.25,"(303.2988487406822, 157.66606605313856)",1.0,-0.04166929434469158,0.017797347367506267,0.08863321394437018,3.1694164069984723,0.8455129978993656,0.6554273249793456,2.311899577409811,1.1399935238898555,6.306427259806018e-05,"[['cell_mutational_rate', 0.3968764554052633, 1, (1e-10, 1, False)], ['cell_direction_pause', 0.3701155327404269, 1, (0, 1, False)], ['cell_direction_angle', 0.5956474781880162, 1, None], ['cell_cycle', 0.27469978060010575, 1, (0.5000000001, 5, False)], ['cell_direction_remember', 0.5292090053865316, 1, (0, 1, False)], ['cell_vision_scale', 0.5581866732269702, 1, (1.01, 20, False)], ['cell_vision_nconsidered', 0.3463385314323137, 1, (1, 100, False)]]"
160,#1F0BA4,6.25,"(354.5826453472509, 293.1961270337999)",1.0,-0.041666667113013325,0.017796296474834963,0.08863321394437018,3.1694164069984723,0.8455129978993656,0.6554273249793456,2.311899577409811,1.1399935238898555,1.0712319707088616e-08,"[['cell_mutational_rate', 0.3968764554052633, 1, (1e-10, 1, False)], ['cell_direction_pause', 0.3701155327404269, 1, (0, 1, False)], ['cell_direction_angle', 0.5956474781880162, 1, None], ['cell_cycle', 0.27469978060010575, 1, (0.5000000001, 5, False)], ['cell_direction_remember', 0.5292090053865316, 1, (0, 1, False)], ['cell_vision_scale', 0.5581866732269702, 1, (1.01, 20, False)], ['cell_vision_nconsidered', 0.3463385314323137, 1, (1, 100, False)]]"
161,#1F0BA4,6.25,"(354.91668406803115, 295.1638946705758)",1.0,-0.041666667113013325,0.017796296474834963,0.08863321394437018,3.1694164069984723,0.8455129978993656,0.6554273249793456,2.311899577409811,1.1399935238898555,1.0712319707088616e-08,"[['cell_mutational_rate', 0.3968764554052633, 1, (1e-10, 1, False)], ['cell_direction_pause', 0.3701155327404269, 1, (0, 1, False)], ['cell_direction_angle', 0.5956474781880162, 1, None], ['cell_cycle', 0.27469978060010575, 1, (0.5000000001, 5, False)], ['cell_direction_remember', 0.5292090053865316, 1, (0, 1, False)], ['cell_vision_scale', 0.5581866732269702, 1, (1.01, 20, False)], ['cell_vision_nconsidered', 0.3463385314323137, 1, (1, 100, False)]]"
162,#1F0BA4,6.25,"(159.6450323027241, 166.9354075804006)",1.0,0.0,0.017797206456628963,0.08863321394437018,3.1694164069984723,0.8455129978993656,0.6554273249793456,2.311899577409811,1.1399935238898555,5.460961995993615e-05,"[['cell_mutational_rate', 0.3968764554052633, 1, (1e-10, 1, False)], ['cell_direction_pause', 0.3701155327404269, 1, (0, 1, False)], ['cell_direction_angle', 0.5956474781880162, 1, None], ['cell_cycle', 0.27469978060010575, 1, (0.5000000001, 5, False)], ['cell_direction_remember', 0.5292090053865316, 1, (0, 1, False)], ['cell_vision_scale', 0.5581866732269702, 1, (1.01, 20, False)], ['cell_vision_nconsidered', 0.3463385314323137, 1, (1, 100, False)]]"
163,#16074A,6.25,"(258.47732613939854, 350.98982907258)",0.028758901222683653,0.9021679197946814,-0.005672092089394901,0.0,3.3121314780158224,0.5000000001,1.0,1.4696420022446264,1.4806744285424995,0.6577562955832388,"[['cell_mutational_rate', 1, 1, (1e-10, 1, False)], ['cell_direction_pause', 1, 1, (0, 1, False)], ['cell_direction_angle', 1, 1, None], ['cell_cycle', 1, 1, (0.5000000001, 5, False)], ['cell_direction_remember', 1, 1, (0, 1, False)], ['cell_vision_scale', 1, 1, (1.01, 20, False)], ['cell_vision_nconsidered', 1, 1, (1, 100, False)]]"
